#Time passed : 16384	1.000000K
-368	1
-364	1
-362	1
-354	1
-352	1
-349	1
-347	1
-343	1
-342	1
-336	3
-330	1
-329	1
-327	1
-324	4
-323	2
-322	1
-320	2
-319	1
-318	3
-317	3
-316	1
-312	1
-311	3
-310	2
-308	1
-307	1
-306	1
-305	4
-304	2
-302	1
-300	1
-299	4
-298	4
-297	2
-294	1
-293	6
-292	1
-291	2
-289	2
-288	2
-287	5
-286	4
-285	2
-284	2
-283	1
-282	1
-280	10
-279	7
-278	9
-277	1
-276	3
-275	2
-274	10
-273	5
-272	8
-271	3
-269	2
-268	5
-267	8
-266	9
-265	7
-263	4
-262	6
-261	7
-260	6
-259	3
-258	4
-257	3
-256	6
-255	17
-254	17
-253	4
-252	8
-251	3
-250	5
-249	14
-248	21
-247	11
-246	5
-245	3
-244	7
-243	12
-242	27
-241	15
-240	4
-239	3
-238	5
-237	10
-236	32
-235	20
-234	11
-233	7
-232	8
-231	12
-230	27
-229	34
-228	16
-227	9
-226	7
-225	15
-224	22
-223	50
-222	25
-221	7
-220	6
-219	11
-218	25
-217	42
-216	44
-215	17
-214	8
-213	4
-212	27
-211	48
-210	48
-209	25
-208	19
-207	6
-206	19
-205	53
-204	81
-203	38
-202	16
-201	13
-200	17
-199	51
-198	74
-197	62
-196	21
-195	13
-194	11
-193	43
-192	91
-191	71
-190	30
-189	12
-188	19
-187	37
-186	116
-185	114
-184	46
-183	19
-182	26
-181	28
-180	77
-179	135
-178	79
-177	33
-176	25
-175	28
-174	94
-173	136
-172	110
-171	51
-170	24
-169	30
-168	66
-167	171
-166	144
-165	63
-164	26
-163	26
-162	69
-161	139
-160	156
-159	87
-158	43
-157	30
-156	43
-155	137
-154	209
-153	151
-152	65
-151	48
-150	52
-149	111
-148	220
-147	211
-146	89
-145	26
-144	41
-143	85
-142	245
-141	273
-140	127
-139	51
-138	32
-137	66
-136	195
-135	300
-134	183
-133	71
-132	48
-131	66
-130	185
-129	347
-128	255
-127	105
-126	60
-125	59
-124	153
-123	354
-122	331
-121	136
-120	69
-119	61
-118	139
-117	280
-116	403
-115	210
-114	74
-113	57
-112	104
-111	279
-110	461
-109	319
-108	105
-107	61
-106	81
-105	213
-104	486
-103	366
-102	166
-101	81
-100	75
-99	175
-98	426
-97	473
-96	237
-95	92
-94	86
-93	149
-92	378
-91	552
-90	322
-89	125
-88	84
-87	119
-86	316
-85	654
-84	455
-83	174
-82	87
-81	108
-80	296
-79	571
-78	608
-77	247
-76	102
-75	93
-74	224
-73	517
-72	648
-71	361
-70	139
-69	98
-68	154
-67	458
-66	822
-65	494
-64	165
-63	108
-62	140
-61	382
-60	713
-59	573
-58	251
-57	117
-56	129
-55	273
-54	659
-53	750
-52	349
-51	158
-50	109
-49	211
-48	606
-47	835
-46	445
-45	175
-44	120
-43	166
-42	490
-41	842
-40	650
-39	246
-38	123
-37	154
-36	359
-35	809
-34	760
-33	334
-32	151
-31	102
-30	290
-29	707
-28	889
-27	462
-26	189
-25	130
-24	211
-23	582
-22	898
-21	581
-20	221
-19	130
-18	178
-17	490
-16	902
-15	755
-14	307
-13	112
-12	133
-11	344
-10	819
-9	858
-8	392
-7	176
-6	124
-5	293
-4	642
-3	929
-2	581
-1	220
0	128
1	214
2	542
3	900
4	666
5	241
6	131
7	155
8	393
9	882
10	787
11	350
12	137
13	142
14	351
15	783
16	935
17	460
18	195
19	125
20	238
21	596
22	945
23	600
24	217
25	129
26	178
27	472
28	924
29	704
30	293
31	147
32	138
33	337
34	775
35	778
36	367
37	140
38	125
39	242
40	607
41	867
42	522
43	186
44	109
45	171
46	462
47	863
48	537
49	220
50	117
51	144
52	329
53	717
54	666
55	279
56	99
57	124
58	237
59	615
60	776
61	379
62	125
63	103
64	158
65	500
66	756
67	470
68	140
69	84
70	137
71	334
72	656
73	512
74	225
75	77
76	112
77	223
78	538
79	562
80	271
81	115
82	84
83	167
84	439
85	551
86	338
87	123
88	81
89	128
90	343
91	576
92	371
93	148
94	70
95	93
96	238
97	497
98	446
99	196
100	77
101	79
102	155
103	389
104	478
105	238
106	93
107	75
108	107
109	293
110	436
111	261
112	96
113	72
114	91
115	211
116	383
117	302
118	122
119	66
120	60
121	153
122	342
123	340
124	133
125	54
126	61
127	94
128	248
129	350
130	167
131	64
132	52
133	63
134	195
135	298
136	226
137	85
138	48
139	60
140	121
141	259
142	226
143	90
144	52
145	46
146	74
147	173
148	234
149	96
150	38
151	25
152	52
153	164
154	244
155	138
156	52
157	28
158	39
159	79
160	194
161	131
162	36
163	21
164	17
165	74
166	118
167	138
168	61
169	21
170	14
171	43
172	108
173	133
174	80
175	37
176	23
177	34
178	68
179	131
180	88
181	26
182	17
183	25
184	53
185	98
186	101
187	28
188	12
189	14
190	44
191	73
192	85
193	32
194	16
195	13
196	24
197	60
198	79
199	47
200	18
201	11
202	15
203	53
204	69
205	63
206	21
207	9
208	8
209	33
210	49
211	50
212	21
213	10
214	9
215	15
216	35
217	32
218	35
219	10
220	4
221	10
222	33
223	37
224	31
225	7
226	3
227	8
228	19
229	38
230	42
231	7
232	4
233	5
234	14
235	27
236	24
237	15
238	3
239	3
240	6
241	16
242	22
243	13
244	6
245	7
246	4
247	16
248	14
249	19
250	6
251	2
252	7
253	7
254	12
255	19
256	5
257	2
258	4
259	4
260	12
261	12
262	14
264	1
265	4
266	11
267	10
268	9
269	2
270	2
271	2
272	4
273	7
274	8
275	2
276	3
277	1
278	2
279	5
280	12
281	4
285	5
286	3
287	2
288	1
290	4
291	2
292	2
293	3
295	1
296	1
297	1
298	4
299	3
304	2
305	2
306	3
308	1
310	1
312	2
316	1
317	1
318	2
319	1
322	1
323	1
324	3
326	1
328	2
330	2
332	1
334	1
335	1
343	1
344	1
346	1
347	1
348	1
349	1
350	1
354	2
355	1
360	1
362	2
374	1
375	1
385	1
417	1
