#Time passed : 8192	1.000000K
-281	1
-266	1
-261	1
-256	1
-254	1
-253	1
-248	1
-243	1
-237	1
-235	1
-234	1
-231	2
-230	4
-229	1
-228	1
-227	1
-225	2
-224	2
-223	6
-222	1
-220	1
-218	2
-217	4
-216	2
-215	3
-214	1
-212	1
-211	4
-210	4
-209	2
-207	2
-206	6
-205	3
-204	5
-203	4
-202	5
-201	2
-200	3
-199	8
-198	11
-197	7
-196	4
-195	2
-194	3
-193	7
-192	10
-191	12
-190	5
-189	1
-188	3
-187	2
-186	13
-185	23
-184	8
-183	3
-182	2
-181	5
-180	15
-179	21
-178	19
-177	8
-176	3
-175	5
-174	12
-173	36
-172	25
-171	10
-170	1
-169	6
-168	17
-167	29
-166	36
-165	15
-164	5
-163	11
-162	23
-161	32
-160	55
-159	22
-158	13
-157	10
-156	7
-155	48
-154	81
-153	55
-152	17
-151	12
-150	8
-149	36
-148	68
-147	74
-146	32
-145	15
-144	11
-143	26
-142	90
-141	127
-140	59
-139	20
-138	15
-137	43
-136	102
-135	161
-134	84
-133	30
-132	18
-131	35
-130	90
-129	166
-128	122
-127	45
-126	20
-125	32
-124	79
-123	169
-122	204
-121	92
-120	37
-119	45
-118	61
-117	184
-116	235
-115	135
-114	50
-113	37
-112	75
-111	180
-110	269
-109	218
-108	65
-107	35
-106	75
-105	186
-104	347
-103	259
-102	160
-101	61
-100	71
-99	167
-98	331
-97	369
-96	180
-95	76
-94	69
-93	132
-92	310
-91	473
-90	271
-89	123
-88	82
-87	115
-86	290
-85	555
-84	422
-83	168
-82	83
-81	118
-80	255
-79	539
-78	517
-77	210
-76	89
-75	94
-74	205
-73	547
-72	633
-71	358
-70	143
-69	97
-68	177
-67	495
-66	798
-65	510
-64	221
-63	113
-62	153
-61	405
-60	833
-59	648
-58	291
-57	119
-56	169
-55	355
-54	811
-53	870
-52	418
-51	177
-50	136
-49	281
-48	735
-47	980
-46	612
-45	243
-44	151
-43	224
-42	586
-41	1056
-40	813
-39	339
-38	142
-37	187
-36	451
-35	1115
-34	1014
-33	455
-32	187
-31	172
-30	394
-29	972
-28	1200
-27	588
-26	249
-25	174
-24	279
-23	793
-22	1275
-21	819
-20	296
-19	190
-18	222
-17	621
-16	1303
-15	1077
-14	432
-13	183
-12	215
-11	527
-10	1099
-9	1264
-8	562
-7	244
-6	176
-5	388
-4	888
-3	1392
-2	781
-1	262
0	183
1	267
2	804
3	1338
4	972
5	372
6	216
7	230
8	608
9	1258
10	1252
11	460
12	213
13	186
14	376
15	1034
16	1227
17	661
18	249
19	172
20	293
21	837
22	1271
23	826
24	274
25	186
26	237
27	602
28	1171
29	934
30	395
31	187
32	167
33	416
34	1006
35	1133
36	465
37	174
38	139
39	318
40	733
41	1057
42	633
43	252
44	174
45	215
46	590
47	1001
48	701
49	243
50	139
51	158
52	394
53	887
54	775
55	355
56	146
57	132
58	299
59	700
60	812
61	388
62	180
63	118
64	173
65	491
66	761
67	464
68	158
69	90
70	155
71	398
72	685
73	498
74	218
75	107
76	104
77	222
78	536
79	532
80	258
81	107
82	82
83	146
84	413
85	502
86	303
87	102
88	80
89	103
90	318
91	473
92	296
93	141
94	63
95	73
96	170
97	354
98	340
99	149
100	64
101	63
102	115
103	298
104	321
105	143
106	63
107	48
108	76
109	201
110	300
111	184
112	62
113	31
114	56
115	145
116	258
117	190
118	64
119	29
120	37
121	82
122	188
123	174
124	101
125	28
126	15
127	46
128	124
129	169
130	102
131	26
132	25
133	23
134	68
135	159
136	95
137	28
138	17
139	19
140	52
141	106
142	85
143	43
144	11
145	17
146	31
147	76
148	76
149	36
150	20
151	8
152	19
153	65
154	79
155	51
156	18
157	7
158	10
159	27
160	55
161	35
162	19
163	9
164	6
165	16
166	46
167	43
168	20
169	7
170	3
171	8
172	17
173	35
174	27
175	7
176	3
177	6
178	18
179	23
180	17
181	6
182	4
183	6
184	5
185	16
186	12
187	7
188	2
189	2
190	5
191	11
192	11
193	3
194	6
196	4
197	6
198	16
199	4
200	1
203	3
204	8
205	3
206	1
208	1
209	1
210	5
211	8
212	2
214	2
215	2
216	3
217	3
218	3
222	2
223	2
224	2
225	2
229	1
230	2
231	1
235	1
236	2
238	1
241	1
242	1
243	2
244	1
248	2
254	1
255	2
271	1
279	1
280	1
