#Time passed : 65536	1.000000K
-826	1
-773	1
-771	1
-757	1
-745	1
-742	1
-725	2
-720	1
-714	1
-704	2
-699	1
-698	1
-683	1
-681	1
-680	1
-673	1
-670	1
-663	1
-657	1
-656	1
-655	1
-652	1
-651	1
-650	2
-645	2
-644	1
-643	1
-638	2
-637	1
-634	1
-633	1
-632	1
-630	1
-624	2
-621	2
-619	3
-618	1
-617	1
-613	4
-612	1
-609	1
-608	2
-607	2
-606	3
-605	1
-602	1
-601	2
-600	1
-595	1
-594	4
-593	2
-588	2
-587	2
-586	1
-584	1
-583	1
-582	2
-581	2
-580	1
-579	1
-578	1
-577	3
-576	2
-575	5
-574	1
-572	3
-570	1
-569	6
-568	2
-567	2
-565	1
-563	2
-562	4
-558	2
-557	3
-556	6
-555	3
-554	2
-551	2
-550	7
-549	3
-545	4
-544	6
-543	5
-542	1
-541	1
-540	2
-539	1
-538	7
-537	6
-536	4
-535	1
-534	2
-533	3
-531	8
-530	7
-529	4
-528	1
-526	4
-525	6
-524	4
-523	1
-522	2
-520	4
-519	6
-518	13
-517	6
-516	2
-515	2
-514	2
-513	8
-512	8
-511	2
-509	1
-508	1
-507	2
-506	10
-505	10
-504	1
-503	3
-502	3
-501	4
-500	6
-499	8
-498	11
-497	7
-496	1
-495	4
-494	8
-493	9
-492	4
-491	3
-490	3
-489	3
-488	3
-487	16
-486	6
-485	3
-484	5
-483	2
-482	8
-481	6
-480	13
-479	10
-478	1
-477	3
-476	4
-475	14
-474	27
-473	7
-472	1
-470	5
-469	14
-468	18
-467	7
-466	5
-465	1
-464	5
-463	8
-462	11
-461	11
-460	8
-459	2
-458	1
-457	5
-456	19
-455	15
-454	8
-453	2
-452	3
-451	11
-450	16
-449	19
-448	9
-447	9
-446	3
-445	5
-444	15
-443	17
-442	12
-441	8
-440	3
-439	4
-438	17
-437	13
-436	26
-435	5
-434	11
-433	6
-432	8
-431	17
-430	27
-429	10
-428	10
-427	4
-426	6
-425	14
-424	25
-423	22
-422	4
-420	10
-419	21
-418	33
-417	25
-416	11
-415	4
-414	3
-413	17
-412	25
-411	23
-410	16
-409	4
-408	3
-407	15
-406	26
-405	37
-404	20
-403	5
-402	7
-401	12
-400	31
-399	34
-398	38
-397	16
-396	7
-395	8
-394	19
-393	31
-392	33
-391	13
-390	10
-389	4
-388	21
-387	56
-386	37
-385	15
-384	17
-383	7
-382	8
-381	29
-380	55
-379	32
-378	11
-377	10
-376	10
-375	30
-374	51
-373	45
-372	17
-371	9
-370	10
-369	26
-368	71
-367	49
-366	23
-365	6
-364	10
-363	16
-362	56
-361	64
-360	39
-359	17
-358	8
-357	16
-356	53
-355	72
-354	35
-353	17
-352	11
-351	13
-350	38
-349	52
-348	66
-347	19
-346	12
-345	6
-344	27
-343	67
-342	79
-341	38
-340	8
-339	5
-338	26
-337	71
-336	80
-335	45
-334	14
-333	9
-332	21
-331	57
-330	79
-329	57
-328	24
-327	14
-326	20
-325	32
-324	81
-323	88
-322	33
-321	16
-320	15
-319	35
-318	87
-317	118
-316	49
-315	22
-314	14
-313	34
-312	65
-311	129
-310	73
-309	25
-308	12
-307	27
-306	58
-305	100
-304	76
-303	29
-302	10
-301	18
-300	43
-299	117
-298	111
-297	58
-296	18
-295	13
-294	41
-293	81
-292	119
-291	57
-290	22
-289	16
-288	32
-287	82
-286	135
-285	100
-284	42
-283	13
-282	30
-281	64
-280	143
-279	127
-278	42
-277	28
-276	17
-275	52
-274	127
-273	127
-272	57
-271	27
-270	19
-269	42
-268	96
-267	154
-266	88
-265	38
-264	25
-263	32
-262	82
-261	175
-260	132
-259	42
-258	34
-257	31
-256	77
-255	155
-254	154
-253	76
-252	28
-251	24
-250	44
-249	136
-248	173
-247	89
-246	35
-245	28
-244	44
-243	118
-242	203
-241	125
-240	45
-239	34
-238	35
-237	83
-236	166
-235	127
-234	81
-233	31
-232	29
-231	79
-230	168
-229	201
-228	106
-227	48
-226	33
-225	70
-224	153
-223	214
-222	138
-221	63
-220	31
-219	47
-218	125
-217	218
-216	196
-215	61
-214	41
-213	47
-212	89
-211	206
-210	230
-209	81
-208	47
-207	44
-206	72
-205	194
-204	215
-203	133
-202	56
-201	36
-200	45
-199	160
-198	255
-197	146
-196	56
-195	32
-194	61
-193	109
-192	262
-191	209
-190	86
-189	55
-188	37
-187	97
-186	236
-185	250
-184	139
-183	54
-182	36
-181	76
-180	187
-179	282
-178	189
-177	83
-176	37
-175	62
-174	174
-173	269
-172	244
-171	82
-170	54
-169	55
-168	118
-167	322
-166	261
-165	111
-164	60
-163	32
-162	96
-161	228
-160	311
-159	155
-158	73
-157	36
-156	68
-155	187
-154	348
-153	215
-152	74
-151	44
-150	60
-149	158
-148	315
-147	263
-146	127
-145	47
-144	48
-143	121
-142	270
-141	330
-140	150
-139	70
-138	45
-137	99
-136	255
-135	363
-134	229
-133	90
-132	53
-131	81
-130	198
-129	376
-128	306
-127	88
-126	57
-125	67
-124	149
-123	361
-122	355
-121	156
-120	52
-119	53
-118	153
-117	329
-116	385
-115	179
-114	69
-113	49
-112	94
-111	233
-110	427
-109	253
-108	84
-107	47
-106	80
-105	178
-104	387
-103	334
-102	134
-101	62
-100	76
-99	160
-98	349
-97	362
-96	176
-95	87
-94	57
-93	100
-92	280
-91	405
-90	249
-89	83
-88	61
-87	95
-86	252
-85	401
-84	314
-83	121
-82	51
-81	78
-80	167
-79	389
-78	397
-77	161
-76	67
-75	54
-74	111
-73	278
-72	433
-71	197
-70	91
-69	57
-68	115
-67	267
-66	441
-65	308
-64	92
-63	59
-62	83
-61	218
-60	430
-59	367
-58	147
-57	75
-56	68
-55	176
-54	398
-53	413
-52	213
-51	71
-50	68
-49	137
-48	340
-47	478
-46	248
-45	102
-44	65
-43	100
-42	278
-41	417
-40	311
-39	127
-38	80
-37	81
-36	206
-35	433
-34	452
-33	175
-32	67
-31	85
-30	147
-29	374
-28	441
-27	219
-26	100
-25	73
-24	111
-23	290
-22	484
-21	317
-20	121
-19	64
-18	86
-17	238
-16	448
-15	399
-14	161
-13	72
-12	68
-11	154
-10	402
-9	454
-8	211
-7	87
-6	66
-5	137
-4	335
-3	463
-2	257
-1	105
0	75
1	106
2	268
3	493
4	320
5	144
6	71
7	102
8	204
9	410
10	406
11	180
12	76
13	74
14	150
15	345
16	466
17	226
18	85
19	48
20	90
21	284
22	491
23	274
24	127
25	64
26	104
27	221
28	415
29	388
30	175
31	69
32	77
33	166
34	404
35	408
36	212
37	74
38	71
39	122
40	318
41	468
42	264
43	130
44	68
45	92
46	246
47	473
48	294
49	117
50	61
51	80
52	210
53	401
54	381
55	149
56	80
57	86
58	123
59	357
60	428
61	192
62	97
63	53
64	89
65	298
66	459
67	319
68	110
69	54
70	82
71	223
72	399
73	355
74	138
75	67
76	75
77	157
78	346
79	391
80	182
81	66
82	53
83	107
84	276
85	430
86	235
87	91
88	63
89	87
90	239
91	401
92	283
93	117
94	48
95	63
96	199
97	372
98	347
99	132
100	61
101	67
102	138
103	338
104	385
105	178
106	69
107	55
108	92
109	281
110	405
111	252
112	86
113	49
114	96
115	195
116	397
117	313
118	116
119	58
120	61
121	153
122	336
123	306
124	147
125	67
126	54
127	99
128	288
129	378
130	210
131	84
132	48
133	86
134	229
135	393
136	260
137	79
138	44
139	54
140	161
141	322
142	316
143	126
144	35
145	55
146	115
147	299
148	303
149	137
150	68
151	38
152	81
153	228
154	344
155	212
156	85
157	44
158	50
159	206
160	307
161	217
162	77
163	50
164	61
165	116
166	297
167	277
168	125
169	52
170	40
171	82
172	188
173	295
174	144
175	51
176	44
177	56
178	164
179	269
180	214
181	97
182	39
183	49
184	130
185	259
186	240
187	87
188	37
189	38
190	90
191	208
192	247
193	113
194	45
195	45
196	62
197	163
198	231
199	157
200	60
201	34
202	53
203	115
204	239
205	178
206	65
207	46
208	46
209	93
210	211
211	202
212	96
213	30
214	46
215	73
216	199
217	218
218	119
219	42
220	38
221	51
222	135
223	227
224	122
225	63
226	38
227	50
228	85
229	185
230	180
231	65
232	30
233	34
234	77
235	180
236	186
237	76
238	36
239	28
240	41
241	122
242	176
243	102
244	36
245	21
246	40
247	107
248	169
249	137
250	63
251	32
252	32
253	76
254	169
255	140
256	58
257	29
258	18
259	51
260	134
261	171
262	71
263	29
264	24
265	18
266	107
267	139
268	95
269	41
270	32
271	23
272	68
273	135
274	126
275	44
276	33
277	24
278	68
279	115
280	115
281	59
282	27
283	14
284	43
285	88
286	143
287	78
288	28
289	15
290	26
291	74
292	112
293	106
294	40
295	14
296	27
297	66
298	102
299	100
300	52
301	20
302	22
303	33
304	83
305	121
306	67
307	24
308	18
309	20
310	72
311	93
312	62
313	26
314	19
315	17
316	52
317	83
318	85
319	26
320	16
321	15
322	35
323	71
324	82
325	32
326	15
327	14
328	17
329	52
330	93
331	39
332	20
333	13
334	22
335	43
336	71
337	63
338	17
339	9
340	8
341	33
342	75
343	60
344	24
345	6
346	9
347	13
348	56
349	72
350	34
351	11
352	7
353	11
354	50
355	61
356	41
357	13
358	12
359	13
360	27
361	46
362	54
363	21
364	18
365	9
366	16
367	48
368	59
369	23
370	8
371	2
372	11
373	29
374	55
375	18
376	16
377	7
378	13
379	27
380	54
381	40
382	14
383	6
384	7
385	21
386	31
387	34
388	18
389	6
390	3
391	16
392	46
393	40
394	18
395	6
396	8
397	9
398	25
399	34
400	18
401	12
402	6
403	5
404	14
405	41
406	24
407	12
408	7
409	4
410	14
411	25
412	29
413	12
414	5
416	9
417	19
418	32
419	15
420	4
421	3
422	15
423	15
424	31
425	20
426	7
427	2
428	3
429	8
430	33
431	19
432	16
433	2
434	5
435	5
436	18
437	27
438	18
439	4
440	2
441	9
442	17
443	18
444	16
445	6
446	3
447	8
448	15
449	14
450	17
451	4
452	4
453	4
454	10
455	12
456	19
457	6
459	4
460	5
461	11
462	21
463	6
464	2
465	4
466	5
467	4
468	17
469	11
470	3
472	2
473	8
474	16
475	11
476	2
477	3
478	2
479	5
480	15
481	16
482	2
483	3
485	5
486	5
487	11
488	7
490	2
491	2
492	2
493	14
494	12
495	4
496	4
497	2
498	5
499	4
500	7
501	3
502	2
504	4
505	8
506	6
507	5
508	2
509	4
510	3
511	7
512	9
513	3
514	3
515	3
516	2
517	8
518	5
519	7
520	6
521	1
523	1
524	5
525	5
526	1
527	3
529	5
530	4
531	4
532	9
533	1
534	1
535	2
536	3
537	8
538	5
539	1
542	2
543	3
544	2
545	2
546	1
548	5
550	3
551	2
552	1
555	2
557	5
559	1
560	1
562	1
563	4
564	1
565	1
566	1
567	2
568	2
569	3
570	2
572	1
574	2
575	3
576	5
579	1
580	2
581	3
582	1
587	1
588	1
589	1
593	2
594	3
600	5
601	1
602	1
604	1
606	2
607	1
614	2
615	1
618	2
619	3
621	1
625	1
631	2
632	1
639	1
645	1
650	1
655	1
657	1
658	1
660	1
668	1
669	2
670	1
673	1
687	1
719	1
732	1
799	1
