#Time passed : 1024	1.000000K
-98	1
-89	1
-86	2
-85	3
-81	1
-80	2
-79	7
-78	10
-77	9
-76	4
-75	2
-74	8
-73	17
-72	18
-71	17
-70	4
-69	3
-68	9
-67	28
-66	52
-65	27
-64	22
-63	7
-62	25
-61	55
-60	101
-59	99
-58	34
-57	15
-56	19
-55	67
-54	165
-53	230
-52	91
-51	35
-50	49
-49	111
-48	284
-47	411
-46	233
-45	117
-44	78
-43	116
-42	404
-41	740
-40	536
-39	195
-38	138
-37	184
-36	462
-35	1066
-34	995
-33	433
-32	214
-31	222
-30	571
-29	1312
-28	1633
-27	907
-26	364
-25	310
-24	472
-23	1523
-22	2370
-21	1497
-20	616
-19	389
-18	521
-17	1404
-16	2848
-15	2277
-14	1037
-13	513
-12	489
-11	1295
-10	3012
-9	3256
-8	1472
-7	585
-6	529
-5	1021
-4	2745
-3	3720
-2	2111
-1	817
0	527
1	847
2	2078
3	3681
4	2637
5	989
6	548
7	628
8	1548
9	3238
10	3073
11	1278
12	533
13	457
14	976
15	2372
16	2843
17	1388
18	531
19	336
20	626
21	1590
22	2346
23	1410
24	553
25	248
26	330
27	846
28	1667
29	1337
30	528
31	243
32	202
33	430
34	1010
35	1035
36	479
37	175
38	132
39	221
40	530
41	720
42	377
43	135
44	81
45	111
46	226
47	429
48	299
49	96
50	53
51	47
52	86
53	217
54	192
55	75
56	19
57	18
58	43
59	86
60	125
61	45
62	24
63	7
64	14
65	30
66	61
67	25
68	9
69	4
70	8
71	18
72	20
73	21
74	7
76	1
77	3
78	3
79	6
80	1
81	1
82	2
83	3
84	4
85	3
86	2
87	1
91	2
