#Time passed : 128	1.000000K
-35	3
-34	4
-33	2
-32	2
-31	3
-30	8
-29	26
-28	33
-27	32
-26	17
-25	24
-24	47
-23	170
-22	300
-21	232
-20	101
-19	119
-18	203
-17	716
-16	1531
-15	1377
-14	665
-13	444
-12	606
-11	1757
-10	4350
-9	4747
-8	2418
-7	1186
-6	1128
-5	2565
-4	6850
-3	9886
-2	5446
-1	2183
0	1310
1	2059
2	5526
3	10025
4	6835
5	2572
6	1158
7	1148
8	2420
9	4893
10	4438
11	1728
12	590
13	463
14	698
15	1340
16	1544
17	664
18	216
19	148
20	136
21	225
22	324
23	163
24	49
25	18
26	13
27	25
28	43
29	26
30	6
31	2
33	5
34	3
35	4
36	1
42	1
