#Time passed : 512	1.000000K
-66	1
-64	1
-62	2
-60	7
-59	5
-58	1
-57	2
-56	2
-55	7
-54	17
-53	20
-52	19
-51	6
-50	9
-49	15
-48	39
-47	70
-46	46
-45	16
-44	13
-43	40
-42	85
-41	214
-40	165
-39	68
-38	54
-37	77
-36	200
-35	471
-34	472
-33	203
-32	104
-31	145
-30	316
-29	763
-28	1071
-27	595
-26	229
-25	222
-24	433
-23	1271
-22	2071
-21	1301
-20	557
-19	357
-18	516
-17	1513
-16	3045
-15	2545
-14	1107
-13	529
-12	637
-11	1669
-10	3856
-9	4212
-8	2069
-7	859
-6	695
-5	1454
-4	3733
-3	5212
-2	2922
-1	1154
0	719
1	1194
2	3005
3	5278
4	3738
5	1445
6	764
7	805
8	1927
9	4077
10	3796
11	1608
12	629
13	589
14	1118
15	2609
16	3025
17	1575
18	583
19	381
20	534
21	1397
22	2048
23	1287
24	435
25	229
26	244
27	565
28	1097
29	877
30	338
31	136
32	111
33	207
34	437
35	466
36	198
37	61
38	45
39	80
40	155
41	201
42	112
43	32
44	16
45	26
46	49
47	73
48	64
49	13
50	10
51	6
52	13
53	17
54	19
55	8
57	1
58	2
59	6
60	3
61	4
65	1
66	1
67	1
74	1
