#Time passed : 32768	1.000000K
-544	1
-513	1
-500	1
-498	1
-487	1
-475	2
-474	1
-472	1
-468	2
-463	1
-460	1
-456	2
-455	2
-454	2
-450	2
-449	4
-448	1
-444	1
-442	3
-439	1
-437	2
-436	3
-435	1
-434	2
-432	1
-431	2
-430	2
-429	1
-427	2
-425	1
-424	2
-423	3
-422	1
-419	1
-418	2
-416	3
-415	1
-412	6
-411	2
-410	3
-409	1
-407	4
-406	2
-405	2
-404	2
-402	1
-401	2
-400	2
-399	9
-398	5
-397	3
-394	2
-393	9
-392	6
-388	1
-387	4
-386	8
-385	3
-384	4
-383	1
-382	4
-381	6
-380	4
-379	3
-377	2
-376	2
-375	4
-374	12
-373	13
-372	6
-371	1
-368	14
-367	13
-366	5
-364	3
-363	5
-362	8
-361	13
-360	9
-359	1
-358	1
-357	4
-356	5
-355	16
-354	11
-353	2
-352	3
-351	2
-350	7
-349	16
-348	7
-347	10
-346	5
-345	2
-344	6
-343	19
-342	13
-341	3
-340	5
-339	8
-338	6
-337	8
-336	14
-335	11
-334	6
-333	2
-332	6
-331	8
-330	31
-329	7
-328	4
-327	3
-326	3
-325	15
-324	23
-323	19
-322	12
-321	5
-320	4
-319	11
-318	23
-317	35
-316	6
-315	8
-314	4
-313	4
-312	22
-311	32
-310	14
-309	7
-308	4
-307	8
-306	19
-305	35
-304	29
-303	10
-302	11
-301	8
-300	19
-299	31
-298	27
-297	17
-296	12
-295	5
-294	22
-293	34
-292	41
-291	28
-290	9
-289	6
-288	11
-287	26
-286	54
-285	30
-284	20
-283	5
-282	13
-281	29
-280	64
-279	65
-278	18
-277	7
-276	13
-275	20
-274	47
-273	59
-272	31
-271	7
-270	12
-269	22
-268	59
-267	81
-266	44
-265	16
-264	10
-263	12
-262	46
-261	81
-260	64
-259	31
-258	8
-257	19
-256	34
-255	75
-254	70
-253	34
-252	12
-251	10
-250	32
-249	81
-248	99
-247	59
-246	37
-245	14
-244	31
-243	51
-242	129
-241	72
-240	29
-239	13
-238	22
-237	48
-236	117
-235	92
-234	38
-233	17
-232	20
-231	33
-230	109
-229	123
-228	63
-227	32
-226	15
-225	47
-224	98
-223	143
-222	77
-221	35
-220	24
-219	39
-218	81
-217	159
-216	110
-215	40
-214	27
-213	32
-212	72
-211	151
-210	159
-209	76
-208	23
-207	30
-206	48
-205	148
-204	180
-203	102
-202	33
-201	31
-200	48
-199	112
-198	205
-197	126
-196	50
-195	38
-194	40
-193	95
-192	186
-191	182
-190	68
-189	41
-188	33
-187	84
-186	228
-185	239
-184	116
-183	52
-182	30
-181	52
-180	143
-179	237
-178	147
-177	65
-176	39
-175	60
-174	149
-173	276
-172	222
-171	79
-170	35
-169	42
-168	121
-167	258
-166	263
-165	135
-164	48
-163	42
-162	92
-161	212
-160	327
-159	143
-158	60
-157	37
-156	72
-155	184
-154	351
-153	209
-152	94
-151	52
-150	62
-149	162
-148	310
-147	271
-146	113
-145	51
-144	58
-143	121
-142	272
-141	317
-140	153
-139	53
-138	42
-137	116
-136	273
-135	373
-134	213
-133	74
-132	67
-131	89
-130	222
-129	394
-128	318
-127	117
-126	66
-125	89
-124	170
-123	350
-122	382
-121	151
-120	65
-119	64
-118	126
-117	363
-116	420
-115	231
-114	90
-113	56
-112	130
-111	260
-110	460
-109	356
-108	115
-107	79
-106	117
-105	223
-104	427
-103	409
-102	155
-101	79
-100	83
-99	151
-98	406
-97	453
-96	223
-95	92
-94	64
-93	147
-92	365
-91	507
-90	298
-89	116
-88	52
-87	117
-86	271
-85	553
-84	383
-83	182
-82	74
-81	96
-80	210
-79	493
-78	462
-77	216
-76	98
-75	77
-74	171
-73	436
-72	515
-71	293
-70	111
-69	78
-68	147
-67	380
-66	615
-65	340
-64	159
-63	94
-62	93
-61	280
-60	565
-59	467
-58	211
-57	91
-56	94
-55	236
-54	519
-53	572
-52	306
-51	104
-50	92
-49	147
-48	433
-47	678
-46	358
-45	142
-44	94
-43	140
-42	347
-41	653
-40	458
-39	175
-38	95
-37	118
-36	265
-35	601
-34	558
-33	248
-32	85
-31	95
-30	196
-29	508
-28	610
-27	320
-26	135
-25	95
-24	159
-23	405
-22	630
-21	449
-20	152
-19	83
-18	130
-17	327
-16	651
-15	491
-14	193
-13	89
-12	111
-11	242
-10	590
-9	653
-8	264
-7	111
-6	77
-5	207
-4	499
-3	655
-2	386
-1	151
0	91
1	132
2	389
3	621
4	471
5	189
6	114
7	135
8	296
9	624
10	532
11	250
12	118
13	115
14	202
15	517
16	641
17	338
18	128
19	93
20	152
21	422
22	675
23	409
24	171
25	93
26	115
27	328
28	630
29	509
30	223
31	94
32	105
33	233
34	580
35	615
36	301
37	119
38	97
39	177
40	470
41	654
42	322
43	145
44	89
45	126
46	373
47	662
48	472
49	178
50	102
51	121
52	255
53	556
54	508
55	206
56	88
57	105
58	200
59	483
60	538
61	299
62	120
63	78
64	145
65	357
66	592
67	315
68	147
69	75
70	111
71	291
72	596
73	443
74	182
75	83
76	88
77	206
78	481
79	515
80	226
81	98
82	72
83	142
84	397
85	516
86	337
87	120
88	60
89	122
90	298
91	473
92	341
93	139
94	74
95	87
96	223
97	431
98	404
99	172
100	81
101	75
102	166
103	386
104	473
105	223
106	86
107	62
108	119
109	302
110	489
111	267
112	95
113	57
114	91
115	213
116	417
117	348
118	126
119	68
120	70
121	153
122	359
123	377
124	174
125	72
126	77
127	131
128	314
129	408
130	230
131	93
132	56
133	71
134	227
135	403
136	228
137	96
138	45
139	64
140	151
141	374
142	273
143	104
144	67
145	61
146	134
147	281
148	324
149	145
150	57
151	47
152	107
153	210
154	310
155	190
156	67
157	34
158	79
159	163
160	291
161	199
162	85
163	37
164	46
165	129
166	268
167	254
168	121
169	41
170	39
171	81
172	224
173	260
174	148
175	58
176	42
177	58
178	127
179	233
180	136
181	53
182	38
183	42
184	112
185	239
186	178
187	86
188	32
189	40
190	80
191	155
192	207
193	97
194	35
195	36
196	62
197	149
198	203
199	114
200	58
201	26
202	40
203	102
204	179
205	144
206	41
207	26
208	26
209	63
210	149
211	137
212	63
213	14
214	24
215	45
216	93
217	160
218	78
219	25
220	22
221	31
222	79
223	130
224	83
225	43
226	17
227	19
228	57
229	133
230	98
231	40
232	19
233	18
234	36
235	110
236	115
237	47
238	35
239	13
240	25
241	88
242	116
243	59
244	19
245	16
246	31
247	53
248	95
249	60
250	32
251	9
252	17
253	36
254	93
255	76
256	36
257	9
258	13
259	22
260	58
261	82
262	48
263	14
264	10
265	19
266	46
267	90
268	44
269	24
270	10
271	14
272	30
273	61
274	46
275	22
276	9
277	12
278	22
279	45
280	53
281	25
282	6
283	11
284	10
285	30
286	53
287	25
288	14
289	5
290	5
291	27
292	40
293	25
294	9
295	6
296	10
297	19
298	42
299	37
300	20
301	4
302	7
303	23
304	34
305	38
306	19
307	8
308	4
309	14
310	21
311	30
312	17
313	6
314	11
315	6
316	5
317	23
318	24
319	11
320	4
321	7
322	6
323	13
324	25
325	10
326	5
327	2
328	3
329	18
330	24
331	9
332	2
333	4
334	5
335	9
336	16
337	17
338	6
339	3
340	3
341	8
342	23
343	20
344	2
345	3
346	1
347	2
348	8
349	14
350	8
351	2
352	1
353	3
354	14
355	18
356	11
357	3
358	1
359	3
360	5
361	7
362	10
363	3
364	2
365	3
366	4
367	6
368	12
369	7
370	2
372	2
373	6
374	7
375	5
376	3
378	3
379	1
380	4
381	10
382	5
385	3
386	7
387	3
388	1
391	2
392	4
393	2
394	4
397	1
398	3
399	4
400	7
401	2
404	1
405	6
406	1
407	2
408	1
409	1
410	4
411	6
412	4
413	1
416	1
418	3
419	2
420	1
422	1
423	3
424	3
425	1
426	1
427	1
430	1
431	2
432	1
435	2
436	2
437	1
438	1
444	3
448	1
449	2
450	1
451	1
452	1
459	1
461	1
462	1
467	1
468	1
469	1
474	2
481	1
488	1
495	1
538	1
539	1
