#Time passed : 4096	1.000000K
-247	1
-186	1
-180	1
-179	1
-173	1
-172	2
-168	1
-167	1
-166	1
-165	3
-162	1
-161	4
-160	1
-159	1
-158	2
-156	4
-155	5
-154	5
-153	3
-152	2
-151	2
-150	3
-149	1
-148	7
-147	4
-146	3
-145	2
-144	1
-143	4
-142	10
-141	12
-140	6
-139	5
-138	4
-137	7
-136	15
-135	15
-134	13
-133	4
-132	3
-131	2
-130	13
-129	38
-128	22
-127	8
-126	3
-125	11
-124	25
-123	40
-122	40
-121	23
-120	8
-119	7
-118	26
-117	52
-116	74
-115	38
-114	15
-113	7
-112	14
-111	51
-110	79
-109	54
-108	25
-107	10
-106	19
-105	53
-104	114
-103	111
-102	53
-101	25
-100	27
-99	60
-98	135
-97	165
-96	82
-95	37
-94	30
-93	76
-92	162
-91	240
-90	141
-89	49
-88	39
-87	61
-86	172
-85	284
-84	235
-83	86
-82	55
-81	62
-80	148
-79	378
-78	326
-77	175
-76	86
-75	67
-74	167
-73	403
-72	481
-71	245
-70	90
-69	103
-68	147
-67	409
-66	622
-65	386
-64	194
-63	95
-62	125
-61	365
-60	771
-59	598
-58	278
-57	118
-56	133
-55	328
-54	765
-53	870
-52	407
-51	186
-50	136
-49	343
-48	743
-47	1101
-46	587
-45	255
-44	161
-43	256
-42	632
-41	1340
-40	990
-39	349
-38	168
-37	240
-36	545
-35	1267
-34	1233
-33	537
-32	240
-31	222
-30	479
-29	1222
-28	1491
-27	787
-26	306
-25	256
-24	400
-23	1061
-22	1704
-21	1146
-20	418
-19	251
-18	361
-17	914
-16	1745
-15	1413
-14	591
-13	275
-12	321
-11	718
-10	1624
-9	1779
-8	829
-7	318
-6	266
-5	515
-4	1406
-3	1838
-2	1055
-1	429
0	228
1	400
2	1043
3	1843
4	1352
5	532
6	262
7	352
8	727
9	1776
10	1552
11	653
12	328
13	257
14	589
15	1367
16	1680
17	916
18	309
19	259
20	409
21	1091
22	1689
23	1051
24	405
25	255
26	322
27	815
28	1534
29	1181
30	554
31	208
32	208
33	563
34	1217
35	1240
36	614
37	229
38	182
39	329
40	918
41	1218
42	681
43	253
44	166
45	247
46	625
47	1051
48	798
49	301
50	156
51	157
52	412
53	827
54	819
55	335
56	132
57	113
58	266
59	594
60	752
61	338
62	113
63	101
64	151
65	407
66	664
67	393
68	142
69	82
70	112
71	244
72	523
73	392
74	179
75	72
76	64
77	155
78	351
79	371
80	160
81	68
82	53
83	100
84	226
85	326
86	151
87	65
88	36
89	60
90	143
91	238
92	164
93	44
94	26
95	29
96	105
97	149
98	168
99	79
100	17
101	23
102	49
103	99
104	128
105	48
106	13
107	12
108	27
109	77
110	81
111	69
112	20
113	10
114	14
115	36
116	70
117	60
118	16
119	5
120	14
121	17
122	33
123	41
124	17
125	10
126	3
127	12
128	22
129	24
130	11
131	5
132	4
133	6
134	16
135	18
136	13
137	8
138	3
139	4
140	7
141	11
142	9
143	4
144	1
146	6
147	8
148	9
149	4
150	3
151	2
152	1
153	6
154	5
155	3
156	1
157	2
158	1
159	1
160	4
161	1
163	2
166	4
167	2
170	1
171	1
172	1
173	2
178	2
179	1
180	2
202	1
204	1
211	1
