#Time passed : 256	1.000000K
-49	1
-48	1
-47	2
-45	1
-43	4
-42	6
-41	11
-40	12
-39	8
-38	2
-37	9
-36	35
-35	70
-34	84
-33	43
-32	17
-31	31
-30	86
-29	262
-28	345
-27	194
-26	108
-25	93
-24	234
-23	685
-22	1108
-21	752
-20	370
-19	251
-18	466
-17	1298
-16	2766
-15	2315
-14	1037
-13	515
-12	747
-11	1893
-10	4436
-9	4820
-8	2356
-7	1002
-6	883
-5	1924
-4	5174
-3	7067
-2	4118
-1	1612
0	1029
1	1612
2	4196
3	7321
4	5074
5	2005
6	927
7	1001
8	2371
9	4865
10	4443
11	1877
12	750
13	523
14	1082
15	2363
16	2722
17	1314
18	478
19	270
20	347
21	744
22	1163
23	671
24	219
25	95
26	110
27	173
28	339
29	234
30	85
31	41
32	20
33	45
34	67
35	67
36	24
37	13
38	9
39	9
40	9
41	14
42	11
43	3
45	1
46	3
47	1
48	5
49	1
