#Time passed : 2048	1.000000K
-155	1
-141	1
-134	1
-133	1
-129	1
-124	1
-122	2
-120	1
-119	1
-118	1
-116	3
-115	1
-114	2
-112	2
-111	4
-110	7
-109	7
-108	4
-106	3
-105	7
-104	8
-103	7
-101	5
-100	1
-99	7
-98	25
-97	24
-96	17
-95	6
-94	3
-93	10
-92	33
-91	40
-90	22
-89	9
-88	13
-87	14
-86	48
-85	89
-84	53
-83	15
-82	17
-81	17
-80	43
-79	107
-78	125
-77	35
-76	35
-75	24
-74	73
-73	125
-72	200
-71	114
-70	53
-69	35
-68	73
-67	188
-66	318
-65	202
-64	88
-63	60
-62	88
-61	240
-60	440
-59	373
-58	145
-57	72
-56	81
-55	224
-54	545
-53	559
-52	300
-51	105
-50	112
-49	223
-48	635
-47	877
-46	521
-45	194
-44	161
-43	229
-42	632
-41	1205
-40	820
-39	359
-38	195
-37	230
-36	620
-35	1388
-34	1306
-33	584
-32	276
-31	248
-30	560
-29	1422
-28	1739
-27	928
-26	344
-25	287
-24	459
-23	1287
-22	2070
-21	1332
-20	535
-19	285
-18	445
-17	1152
-16	2334
-15	1949
-14	796
-13	375
-12	442
-11	916
-10	2227
-9	2372
-8	1115
-7	479
-6	381
-5	808
-4	1942
-3	2693
-2	1537
-1	597
0	373
1	574
2	1409
3	2670
4	1879
5	684
6	368
7	464
8	1115
9	2355
10	2152
11	932
12	405
13	364
14	780
15	1868
16	2261
17	1121
18	445
19	312
20	575
21	1377
22	2061
23	1318
24	492
25	259
26	342
27	874
28	1737
29	1374
30	544
31	258
32	254
33	575
34	1280
35	1362
36	632
37	234
38	193
39	313
40	866
41	1200
42	641
43	255
44	150
45	219
46	508
47	848
48	592
49	248
50	112
51	112
52	286
53	602
54	560
55	212
56	97
57	78
58	155
59	354
60	428
61	217
62	81
63	31
64	104
65	178
66	325
67	196
68	62
69	34
70	44
71	75
72	194
73	154
74	53
75	28
76	21
77	38
78	111
79	118
80	56
81	12
82	13
83	17
84	47
85	77
86	36
87	18
88	12
89	15
90	26
91	43
92	37
93	10
94	8
95	6
96	18
97	32
98	13
99	12
100	7
101	2
102	6
103	9
104	19
105	3
106	3
108	3
109	9
110	4
111	8
112	1
114	1
115	5
116	3
117	3
122	2
123	1
134	2
137	1
148	1
