Time passed: 8192	At 20.000000K
0	495
1	488
2	483
3	408
4	417
5	379
6	349
7	359
8	346
9	292
10	304
11	276
12	252
13	227
14	273
15	226
16	233
17	204
18	211
19	186
20	188
21	183
22	143
23	143
24	167
25	132
26	150
27	115
28	113
29	121
30	122
31	78
32	103
33	93
34	91
35	77
36	78
37	78
38	89
39	46
40	73
41	57
42	48
43	63
44	68
45	49
46	47
47	43
48	46
49	54
50	47
51	29
52	42
53	40
54	32
55	33
56	26
57	29
58	23
59	18
60	26
61	20
62	16
63	12
64	16
65	12
66	22
67	19
68	10
69	16
70	18
71	14
72	11
73	10
74	7
75	10
76	12
77	5
78	6
79	13
80	9
81	6
82	2
83	6
84	6
85	4
86	5
87	5
88	7
89	3
90	5
91	4
92	3
93	6
94	0
95	5
96	4
97	2
98	2
99	4
100	4
101	3
102	2
103	4
104	3
105	2
106	2
107	0
108	5
109	2
110	0
111	0
112	2
113	1
114	5
115	1
116	0
117	1
118	1
119	2
120	1
121	0
122	1
123	0
124	1
125	0
126	2
127	0
128	0
129	1
130	0
131	0
132	0
133	1
134	0
135	0
136	1
137	0
138	0
139	0
140	0
141	0
142	0
143	0
144	0
145	0
146	0
147	0
148	0
149	1
150	0
151	0
152	0
153	1
154	0
155	0
156	0
157	0
158	0
159	1
160	0
161	0
162	0
163	0
164	0
165	0
166	0
167	0
168	0
169	0
170	0
171	0
172	0
173	0
174	0
175	0
176	0
177	0
178	0
179	0
180	0
181	0
182	0
183	0
184	0
185	0
186	0
187	0
188	0
189	0
190	0
191	0
192	0
193	0
194	0
195	0
196	0
197	0
198	0
199	0
200	0
201	0
202	0
203	0
204	0
205	0
206	0
207	0
208	0
