Time passed: 524288	At 20.000000K
0	486
1	464
2	448
3	418
4	394
5	362
6	338
7	347
8	326
9	320
10	285
11	303
12	280
13	248
14	221
15	212
16	232
17	206
18	187
19	198
20	191
21	167
22	165
23	141
24	136
25	147
26	140
27	119
28	137
29	128
30	114
31	108
32	104
33	94
34	82
35	92
36	92
37	76
38	76
39	62
40	71
41	49
42	62
43	63
44	55
45	43
46	53
47	45
48	49
49	46
50	40
51	33
52	37
53	39
54	36
55	30
56	29
57	30
58	24
59	27
60	22
61	21
62	24
63	22
64	17
65	17
66	23
67	18
68	19
69	16
70	11
71	16
72	15
73	11
74	15
75	10
76	12
77	17
78	11
79	13
80	9
81	10
82	6
83	9
84	9
85	9
86	12
87	4
88	5
89	4
90	1
91	5
92	4
93	5
94	2
95	6
96	3
97	0
98	2
99	5
100	3
101	3
102	3
103	2
104	1
105	4
106	1
107	4
108	2
109	3
110	2
111	1
112	0
113	2
114	0
115	0
116	0
117	1
118	1
119	0
120	0
121	1
122	1
123	1
124	1
125	0
126	1
127	0
128	0
129	1
130	0
131	0
132	1
133	1
134	0
135	0
136	1
137	1
138	0
139	0
140	1
141	0
142	1
143	0
144	0
145	0
146	0
147	1
148	0
149	1
150	0
151	0
152	0
153	1
154	0
155	0
156	0
157	0
158	1
159	0
160	0
161	0
162	0
163	0
164	0
165	0
166	0
167	0
168	0
169	0
170	0
171	0
172	0
173	0
174	0
175	0
176	0
177	0
178	0
179	0
180	0
181	0
182	0
183	1
184	0
185	0
186	0
187	0
188	0
189	0
190	0
191	0
192	0
193	0
194	0
195	1
196	1
197	0
198	0
199	0
200	0
201	0
202	0
203	0
204	0
205	0
206	0
207	0
208	0
209	0
210	0
211	0
212	0
213	0
214	0
215	0
216	0
217	0
218	0
219	0
220	0
221	0
222	0
223	0
224	0
225	0
226	0
227	0
228	0
229	0
230	0
231	0
232	0
