Time passed: 131072	At 20.000000K
0	460
1	460
2	470
3	432
4	410
5	373
6	360
7	294
8	343
9	316
10	298
11	321
12	270
13	248
14	260
15	197
16	213
17	199
18	184
19	182
20	174
21	155
22	165
23	155
24	190
25	141
26	142
27	150
28	130
29	115
30	114
31	86
32	81
33	91
34	58
35	90
36	68
37	87
38	68
39	73
40	69
41	64
42	52
43	51
44	51
45	46
46	47
47	34
48	56
49	51
50	60
51	39
52	31
53	43
54	28
55	28
56	38
57	29
58	22
59	22
60	22
61	31
62	28
63	26
64	20
65	19
66	15
67	21
68	18
69	19
70	17
71	11
72	13
73	8
74	7
75	12
76	11
77	5
78	8
79	15
80	7
81	11
82	11
83	7
84	6
85	5
86	3
87	4
88	7
89	7
90	2
91	5
92	4
93	3
94	6
95	6
96	11
97	4
98	6
99	2
100	4
101	3
102	5
103	5
104	2
105	0
106	2
107	0
108	2
109	2
110	4
111	4
112	4
113	4
114	2
115	2
116	0
117	1
118	0
119	2
120	1
121	1
122	1
123	1
124	2
125	0
126	1
127	0
128	0
129	1
130	1
131	2
132	1
133	0
134	0
135	0
136	0
137	1
138	0
139	0
140	1
141	1
142	0
143	1
144	0
145	0
146	1
147	0
148	1
149	1
150	0
151	1
152	1
153	0
154	0
155	1
156	0
157	1
158	0
159	0
160	1
161	0
162	0
163	0
164	0
165	0
166	0
167	0
168	0
169	0
170	0
171	0
172	0
173	0
174	0
175	0
176	0
177	0
178	0
179	0
180	0
181	0
182	0
183	0
184	0
185	0
186	0
187	0
188	0
189	0
