Time passed: 32768	At 20.000000K
0	502
1	486
2	443
3	418
4	419
5	396
6	358
7	358
8	316
9	293
10	321
11	288
12	250
13	241
14	236
15	229
16	239
17	203
18	206
19	182
20	187
21	155
22	163
23	169
24	135
25	123
26	137
27	116
28	131
29	101
30	111
31	101
32	111
33	84
34	84
35	74
36	83
37	68
38	68
39	60
40	66
41	63
42	62
43	55
44	47
45	49
46	40
47	45
48	46
49	39
50	47
51	31
52	37
53	37
54	33
55	37
56	34
57	31
58	28
59	26
60	28
61	24
62	22
63	21
64	28
65	19
66	19
67	23
68	14
69	10
70	15
71	13
72	9
73	14
74	15
75	8
76	8
77	8
78	12
79	6
80	3
81	10
82	11
83	8
84	8
85	8
86	8
87	8
88	8
89	4
90	7
91	6
92	5
93	5
94	3
95	2
96	2
97	4
98	4
99	3
100	6
101	5
102	4
103	3
104	0
105	2
106	2
107	1
108	3
109	5
110	1
111	1
112	4
113	1
114	3
115	0
116	0
117	0
118	1
119	2
120	0
121	1
122	1
123	0
124	0
125	0
126	1
127	1
128	2
129	3
130	0
131	1
132	1
133	1
134	1
135	2
136	1
137	0
138	0
139	0
140	1
141	0
142	0
143	0
144	0
145	0
146	0
147	0
148	1
149	1
150	0
151	0
152	0
153	0
154	0
155	0
156	0
157	0
158	1
159	0
160	0
161	0
162	0
163	0
164	0
165	0
166	1
167	0
168	0
169	0
170	0
171	0
172	1
173	0
174	0
175	0
176	0
177	0
178	0
179	0
180	1
181	0
182	0
183	0
184	0
185	0
186	0
187	0
188	0
189	0
190	0
191	0
192	1
193	0
194	0
195	0
196	0
197	0
198	0
199	0
200	0
201	0
202	0
203	0
204	0
205	0
206	0
207	0
208	0
209	0
210	0
211	0
212	0
213	0
214	0
215	0
