Time passed: 16384	At 20.000000K
0	499
1	470
2	437
3	453
4	338
5	404
6	354
7	304
8	304
9	298
10	330
11	294
12	290
13	241
14	271
15	210
16	237
17	223
18	208
19	177
20	171
21	166
22	152
23	162
24	168
25	123
26	133
27	133
28	105
29	120
30	89
31	116
32	117
33	102
34	94
35	97
36	75
37	76
38	66
39	72
40	74
41	64
42	60
43	47
44	45
45	44
46	41
47	49
48	49
49	29
50	48
51	47
52	28
53	37
54	30
55	31
56	25
57	26
58	23
59	24
60	21
61	28
62	28
63	21
64	28
65	22
66	21
67	23
68	11
69	19
70	13
71	18
72	13
73	7
74	11
75	15
76	16
77	8
78	15
79	4
80	7
81	6
82	8
83	5
84	3
85	9
86	3
87	8
88	2
89	3
90	7
91	6
92	6
93	4
94	4
95	2
96	5
97	4
98	3
99	4
100	3
101	3
102	4
103	3
104	5
105	3
106	2
107	3
108	4
109	3
110	3
111	4
112	2
113	1
114	0
115	2
116	0
117	0
118	0
119	3
120	1
121	0
122	0
123	0
124	0
125	2
126	0
127	2
128	0
129	0
130	0
131	0
132	0
133	0
134	1
135	0
136	0
137	1
138	0
139	0
140	0
141	1
142	0
143	0
144	1
145	0
146	0
147	1
148	0
149	0
150	0
151	0
152	0
153	0
154	0
155	0
156	0
157	0
158	0
159	0
160	0
161	0
162	0
