Time passed: 262144	At 20.000000K
0	461
1	491
2	404
3	405
4	419
5	379
6	341
7	321
8	310
9	327
10	293
11	284
12	286
13	262
14	244
15	228
16	252
17	222
18	230
19	202
20	152
21	182
22	163
23	141
24	128
25	134
26	151
27	131
28	124
29	100
30	132
31	111
32	115
33	87
34	97
35	79
36	79
37	59
38	69
39	66
40	67
41	56
42	45
43	76
44	49
45	51
46	47
47	46
48	48
49	37
50	42
51	35
52	43
53	37
54	27
55	34
56	34
57	24
58	27
59	27
60	28
61	21
62	21
63	15
64	24
65	15
66	25
67	13
68	18
69	12
70	14
71	14
72	13
73	14
74	12
75	8
76	13
77	10
78	10
79	10
80	9
81	7
82	6
83	6
84	2
85	6
86	9
87	10
88	6
89	8
90	1
91	3
92	8
93	3
94	7
95	5
96	5
97	3
98	5
99	2
100	4
101	3
102	4
103	2
104	0
105	3
106	2
107	3
108	1
109	1
110	1
111	3
112	3
113	1
114	1
115	1
116	0
117	4
118	1
119	2
120	2
121	0
122	0
123	2
124	1
125	2
126	1
127	0
128	1
129	0
130	0
131	0
132	1
133	0
134	1
135	0
136	1
137	1
138	1
139	0
140	0
141	0
142	0
143	0
144	0
145	1
146	2
147	0
148	0
149	1
150	1
151	0
152	0
153	0
154	0
155	1
156	0
157	0
158	0
159	0
160	0
161	0
162	0
163	0
164	1
165	0
166	0
167	0
168	1
169	0
170	1
171	0
172	0
173	1
174	0
175	1
176	0
177	0
