Time passed: 65536	At 20.000000K
0	475
1	485
2	439
3	446
4	414
5	372
6	358
7	350
8	328
9	303
10	319
11	255
12	265
13	241
14	244
15	254
16	224
17	215
18	198
19	204
20	189
21	186
22	170
23	148
24	127
25	125
26	134
27	120
28	120
29	106
30	125
31	108
32	77
33	88
34	86
35	74
36	96
37	81
38	65
39	60
40	46
41	62
42	62
43	67
44	66
45	58
46	50
47	45
48	42
49	37
50	35
51	35
52	44
53	31
54	37
55	26
56	27
57	16
58	26
59	22
60	22
61	19
62	18
63	21
64	21
65	26
66	18
67	17
68	10
69	9
70	13
71	15
72	12
73	17
74	17
75	10
76	20
77	15
78	8
79	10
80	14
81	7
82	9
83	8
84	5
85	8
86	6
87	4
88	8
89	4
90	5
91	4
92	7
93	4
94	5
95	2
96	3
97	2
98	1
99	2
100	4
101	3
102	2
103	4
104	1
105	6
106	1
107	2
108	1
109	4
110	3
111	1
112	1
113	0
114	1
115	2
116	1
117	3
118	0
119	0
120	3
121	0
122	0
123	0
124	2
125	0
126	1
127	3
128	0
129	0
130	2
131	2
132	1
133	0
134	1
135	0
136	0
137	0
138	0
139	0
140	0
141	1
142	2
143	0
144	1
145	0
146	1
147	0
148	1
149	1
150	0
151	0
152	0
153	0
154	1
155	0
156	0
157	0
158	0
159	0
160	0
161	0
162	0
163	0
164	0
165	0
166	0
167	0
168	0
169	0
170	0
171	0
172	0
173	0
174	0
175	0
176	0
177	0
178	1
179	0
180	0
181	0
182	1
183	0
