Time passed: 4096	At 20.000000K
0	528
1	485
2	450
3	490
4	419
5	362
6	398
7	326
8	337
9	339
10	324
11	323
12	301
13	254
14	257
15	229
16	207
17	222
18	226
19	194
20	198
21	173
22	159
23	147
24	154
25	139
26	128
27	118
28	136
29	112
30	98
31	104
32	113
33	75
34	69
35	88
36	83
37	63
38	72
39	74
40	51
41	52
42	52
43	51
44	49
45	51
46	39
47	49
48	43
49	36
50	42
51	38
52	24
53	39
54	21
55	20
56	19
57	19
58	21
59	27
60	13
61	28
62	23
63	21
64	11
65	15
66	12
67	14
68	10
69	14
70	6
71	11
72	12
73	7
74	5
75	6
76	5
77	6
78	6
79	7
80	1
81	5
82	2
83	6
84	6
85	3
86	1
87	3
88	3
89	5
90	0
91	1
92	0
93	2
94	0
95	1
96	2
97	1
98	1
99	0
100	0
101	0
102	0
103	0
104	3
105	1
106	1
107	0
108	0
109	0
110	0
111	0
112	0
113	0
114	1
115	0
116	0
117	0
118	0
119	0
120	1
121	0
