Time passed: 1048576	At 20.000000K
0	476
1	455
2	426
3	429
4	384
5	356
6	346
7	349
8	368
9	302
10	279
11	316
12	272
13	270
14	243
15	222
16	196
17	200
18	214
19	191
20	157
21	166
22	194
23	150
24	138
25	138
26	144
27	148
28	123
29	125
30	111
31	103
32	100
33	92
34	80
35	103
36	80
37	78
38	60
39	68
40	66
41	50
42	60
43	67
44	69
45	56
46	54
47	39
48	47
49	30
50	43
51	32
52	32
53	38
54	29
55	30
56	30
57	35
58	38
59	26
60	31
61	14
62	21
63	20
64	19
65	18
66	17
67	18
68	24
69	14
70	11
71	12
72	11
73	18
74	13
75	13
76	13
77	7
78	13
79	14
80	6
81	10
82	8
83	2
84	9
85	5
86	3
87	5
88	3
89	5
90	7
91	4
92	3
93	4
94	7
95	4
96	1
97	2
98	0
99	1
100	2
101	3
102	2
103	0
104	2
105	3
106	6
107	0
108	3
109	1
110	1
111	2
112	1
113	1
114	0
115	1
116	1
117	0
118	0
119	4
120	1
121	1
122	3
123	2
124	1
125	3
126	0
127	2
128	2
129	1
130	2
131	1
132	2
133	0
134	1
135	1
136	1
137	1
138	0
139	1
140	2
141	0
142	2
143	0
144	0
145	0
146	1
147	0
148	0
149	0
150	1
151	0
152	0
153	0
154	0
155	1
156	0
157	0
158	0
159	0
160	0
161	0
162	0
163	0
164	0
165	0
166	0
167	0
168	0
169	0
170	0
171	0
172	0
173	0
174	0
175	0
176	0
177	0
178	0
179	0
180	0
181	0
182	0
183	0
184	0
185	0
186	0
187	0
188	0
189	0
190	0
191	0
192	0
193	0
194	0
195	0
196	0
197	0
198	0
199	0
200	0
201	0
202	0
203	0
204	0
205	0
206	0
207	0
208	0
209	0
210	0
211	0
212	0
213	0
214	0
215	0
216	0
217	0
218	0
219	0
220	0
221	0
222	0
223	0
224	0
225	0
226	0
227	0
228	0
229	0
230	0
231	0
