Time passed: 2048	At 20.000000K
0	546
1	512
2	546
3	486
4	480
5	447
6	396
7	405
8	386
9	369
10	303
11	296
12	331
13	255
14	264
15	249
16	234
17	207
18	224
19	188
20	189
21	171
22	167
23	168
24	134
25	132
26	145
27	116
28	120
29	122
30	105
31	98
32	89
33	61
34	73
35	79
36	68
37	65
38	68
39	54
40	60
41	52
42	41
43	51
44	50
45	44
46	30
47	23
48	32
49	18
50	18
51	25
52	20
53	23
54	16
55	17
56	12
57	7
58	11
59	6
60	8
61	6
62	7
63	5
64	7
65	15
66	4
67	5
68	2
69	5
70	6
71	2
72	5
73	2
74	2
75	3
76	2
77	1
78	3
79	1
80	0
81	2
82	1
83	0
84	0
85	0
86	0
87	0
88	1
89	0
90	0
91	0
