#TIME(PASSED): 1000001	20.000000K
-4763	1
-4512	1
-4461	1
-4339	1
-4304	1
-4297	1
-4204	1
-4186	1
-4155	1
-4127	1
-4113	1
-4095	1
-4067	1
-4045	1
-4027	1
-4022	2
-4012	1
-3977	1
-3969	1
-3954	2
-3953	1
-3944	1
-3921	1
-3898	1
-3889	1
-3875	1
-3873	1
-3868	1
-3863	1
-3861	1
-3857	1
-3856	1
-3841	1
-3822	1
-3817	1
-3812	1
-3809	1
-3801	1
-3796	1
-3791	1
-3783	1
-3782	1
-3780	2
-3775	2
-3769	1
-3765	1
-3734	1
-3730	1
-3723	2
-3720	1
-3713	1
-3702	1
-3699	1
-3692	1
-3681	1
-3675	1
-3670	1
-3658	1
-3644	1
-3641	1
-3637	1
-3633	1
-3632	1
-3627	1
-3625	1
-3613	2
-3600	1
-3598	1
-3595	1
-3593	1
-3587	1
-3586	1
-3585	1
-3579	2
-3577	1
-3575	1
-3571	1
-3570	1
-3569	1
-3566	1
-3562	1
-3559	2
-3556	1
-3554	2
-3553	1
-3550	3
-3542	1
-3536	1
-3531	1
-3529	1
-3526	2
-3525	1
-3524	1
-3519	1
-3516	1
-3515	1
-3514	1
-3512	1
-3509	1
-3508	1
-3505	1
-3504	2
-3501	2
-3500	1
-3499	1
-3497	1
-3495	2
-3494	2
-3487	2
-3484	1
-3483	1
-3482	1
-3481	1
-3480	1
-3479	1
-3475	1
-3473	2
-3472	1
-3471	2
-3470	1
-3464	1
-3457	1
-3455	1
-3452	1
-3451	2
-3450	1
-3448	1
-3447	1
-3443	1
-3440	1
-3438	1
-3437	1
-3436	1
-3434	1
-3433	1
-3431	1
-3430	1
-3428	4
-3427	1
-3426	1
-3424	1
-3422	1
-3420	1
-3418	1
-3417	2
-3416	1
-3415	1
-3414	1
-3412	2
-3410	1
-3407	2
-3406	2
-3405	1
-3404	1
-3403	2
-3401	1
-3399	2
-3397	1
-3394	2
-3392	1
-3391	1
-3388	1
-3387	2
-3386	1
-3385	2
-3380	1
-3378	2
-3377	1
-3376	1
-3374	2
-3373	2
-3372	1
-3371	2
-3365	1
-3364	1
-3363	1
-3360	2
-3359	2
-3357	1
-3355	2
-3353	1
-3352	1
-3351	1
-3344	2
-3342	1
-3339	1
-3336	1
-3332	1
-3330	2
-3328	4
-3327	1
-3326	1
-3323	1
-3322	2
-3321	2
-3319	2
-3317	2
-3316	2
-3315	1
-3313	1
-3310	2
-3309	2
-3305	1
-3303	2
-3302	1
-3301	3
-3300	2
-3299	1
-3298	2
-3293	3
-3292	1
-3290	1
-3286	1
-3285	1
-3283	2
-3282	3
-3280	1
-3279	1
-3274	1
-3273	1
-3272	1
-3271	1
-3270	1
-3269	2
-3268	1
-3266	1
-3265	1
-3264	1
-3263	2
-3260	1
-3259	1
-3258	1
-3257	3
-3256	1
-3255	2
-3254	1
-3253	1
-3252	1
-3250	1
-3248	1
-3246	2
-3245	1
-3242	1
-3241	1
-3240	1
-3237	1
-3236	1
-3234	1
-3232	2
-3231	1
-3227	1
-3223	1
-3222	2
-3220	2
-3219	1
-3218	1
-3217	3
-3215	1
-3213	3
-3210	1
-3209	1
-3207	2
-3205	2
-3201	1
-3199	2
-3198	3
-3196	2
-3195	2
-3194	1
-3193	1
-3191	1
-3189	2
-3186	1
-3185	5
-3183	1
-3182	1
-3181	2
-3180	1
-3179	2
-3177	3
-3175	1
-3174	1
-3172	1
-3171	1
-3169	2
-3168	1
-3167	1
-3165	1
-3164	3
-3162	1
-3160	1
-3158	1
-3157	4
-3156	1
-3155	1
-3154	2
-3153	2
-3152	1
-3151	1
-3150	1
-3149	4
-3148	1
-3147	2
-3145	1
-3144	2
-3143	1
-3142	1
-3141	2
-3140	1
-3139	1
-3138	2
-3137	1
-3136	1
-3134	3
-3133	2
-3131	2
-3130	1
-3128	1
-3126	2
-3125	1
-3121	4
-3120	2
-3118	1
-3117	3
-3116	2
-3115	1
-3114	2
-3113	3
-3112	2
-3110	1
-3109	1
-3107	3
-3106	1
-3105	2
-3104	2
-3103	2
-3102	1
-3101	1
-3099	2
-3098	3
-3097	2
-3095	2
-3093	3
-3092	2
-3091	2
-3090	2
-3088	3
-3087	3
-3086	2
-3085	3
-3084	2
-3082	1
-3081	1
-3080	3
-3078	2
-3077	2
-3075	4
-3074	3
-3072	5
-3071	4
-3070	1
-3068	3
-3066	2
-3065	1
-3064	2
-3063	1
-3062	1
-3061	1
-3060	2
-3058	1
-3056	4
-3055	3
-3052	2
-3051	1
-3050	1
-3049	3
-3048	1
-3047	2
-3046	3
-3045	1
-3044	3
-3043	1
-3040	3
-3038	2
-3037	2
-3036	4
-3034	1
-3033	1
-3032	2
-3029	3
-3028	1
-3027	2
-3026	2
-3025	1
-3024	3
-3023	2
-3022	1
-3021	2
-3020	2
-3019	2
-3018	1
-3015	1
-3014	2
-3013	2
-3012	1
-3011	1
-3009	1
-3008	1
-3007	2
-3004	2
-3003	1
-3002	1
-3000	2
-2999	2
-2998	1
-2997	2
-2995	2
-2994	1
-2993	1
-2992	3
-2990	3
-2989	1
-2988	1
-2987	4
-2986	4
-2985	2
-2982	1
-2981	2
-2979	2
-2978	3
-2977	1
-2976	1
-2975	3
-2974	3
-2973	2
-2972	2
-2971	3
-2969	2
-2968	3
-2967	1
-2966	3
-2965	3
-2964	2
-2963	1
-2962	1
-2961	3
-2960	1
-2959	2
-2958	3
-2957	3
-2955	1
-2954	2
-2953	1
-2952	4
-2951	5
-2950	3
-2949	4
-2948	2
-2947	2
-2946	2
-2945	1
-2944	1
-2943	2
-2942	3
-2941	3
-2940	2
-2939	3
-2938	3
-2937	2
-2936	1
-2935	3
-2934	2
-2932	2
-2931	2
-2930	4
-2929	1
-2928	2
-2927	3
-2926	2
-2925	2
-2924	1
-2923	1
-2922	2
-2921	4
-2920	6
-2919	4
-2918	3
-2917	4
-2916	5
-2915	3
-2914	2
-2913	1
-2912	4
-2911	2
-2910	3
-2909	3
-2908	1
-2907	1
-2906	3
-2905	3
-2904	2
-2903	2
-2902	1
-2900	4
-2899	4
-2898	2
-2897	3
-2896	3
-2895	3
-2894	2
-2893	1
-2892	4
-2891	1
-2890	2
-2889	2
-2888	4
-2887	3
-2886	4
-2885	3
-2884	4
-2883	1
-2882	1
-2881	2
-2880	4
-2879	1
-2878	3
-2877	1
-2876	3
-2875	3
-2874	1
-2873	2
-2872	3
-2871	2
-2870	3
-2869	3
-2867	2
-2866	2
-2865	1
-2864	2
-2863	4
-2862	2
-2861	1
-2860	2
-2859	1
-2858	2
-2857	2
-2855	1
-2854	4
-2853	2
-2852	4
-2850	2
-2849	2
-2848	5
-2847	1
-2846	6
-2845	5
-2844	6
-2843	4
-2842	3
-2841	7
-2840	3
-2839	4
-2838	2
-2837	1
-2836	4
-2835	2
-2834	3
-2833	1
-2832	3
-2831	2
-2829	3
-2828	2
-2827	8
-2826	5
-2825	3
-2824	2
-2823	2
-2822	4
-2821	2
-2820	3
-2819	2
-2818	3
-2816	2
-2815	2
-2814	1
-2813	3
-2812	3
-2811	1
-2810	5
-2809	5
-2808	5
-2807	4
-2806	2
-2805	4
-2804	5
-2803	3
-2802	4
-2801	2
-2799	2
-2798	3
-2797	5
-2796	7
-2794	1
-2793	2
-2792	3
-2791	2
-2790	1
-2789	3
-2788	2
-2787	4
-2786	3
-2785	2
-2784	3
-2783	3
-2782	2
-2781	3
-2780	2
-2779	2
-2778	2
-2777	2
-2776	5
-2775	3
-2774	5
-2773	7
-2772	4
-2771	5
-2770	2
-2769	2
-2767	3
-2766	4
-2765	1
-2764	4
-2763	7
-2762	4
-2761	3
-2760	5
-2759	1
-2758	2
-2757	7
-2756	3
-2755	3
-2754	3
-2753	2
-2752	2
-2751	6
-2750	3
-2749	9
-2748	6
-2747	6
-2746	2
-2745	1
-2744	4
-2743	5
-2742	6
-2741	4
-2740	5
-2739	4
-2738	2
-2737	5
-2736	5
-2735	3
-2734	8
-2733	4
-2732	4
-2730	7
-2729	2
-2728	1
-2727	5
-2726	2
-2725	3
-2724	5
-2723	2
-2722	2
-2721	2
-2720	4
-2719	1
-2718	4
-2717	4
-2716	2
-2715	5
-2714	4
-2713	2
-2712	5
-2711	4
-2710	3
-2708	5
-2707	3
-2706	4
-2705	2
-2704	3
-2703	6
-2702	3
-2701	7
-2700	4
-2699	4
-2698	5
-2697	5
-2696	3
-2695	7
-2694	2
-2693	5
-2692	3
-2691	5
-2690	7
-2689	6
-2688	1
-2687	6
-2686	5
-2685	3
-2684	3
-2683	6
-2682	10
-2681	1
-2680	5
-2679	4
-2678	2
-2677	3
-2676	4
-2675	6
-2674	6
-2673	4
-2672	6
-2671	5
-2670	5
-2669	9
-2668	4
-2667	3
-2666	3
-2665	3
-2664	4
-2663	3
-2662	4
-2661	8
-2660	3
-2659	6
-2658	4
-2657	5
-2656	4
-2655	3
-2654	6
-2653	6
-2652	4
-2651	8
-2650	5
-2649	5
-2648	3
-2647	3
-2646	1
-2645	5
-2644	4
-2643	3
-2642	4
-2641	7
-2640	7
-2639	3
-2638	5
-2637	13
-2636	2
-2635	3
-2634	6
-2633	9
-2632	5
-2631	4
-2630	7
-2629	6
-2628	3
-2627	7
-2626	3
-2625	4
-2624	5
-2623	6
-2622	7
-2621	4
-2620	3
-2619	5
-2618	5
-2617	2
-2616	4
-2615	4
-2614	4
-2613	4
-2612	4
-2611	4
-2610	3
-2609	6
-2608	7
-2607	3
-2606	5
-2605	9
-2604	7
-2603	4
-2602	4
-2601	3
-2600	6
-2599	6
-2598	5
-2597	3
-2596	6
-2595	7
-2594	4
-2593	5
-2592	1
-2591	4
-2590	8
-2589	6
-2588	9
-2587	5
-2586	3
-2585	9
-2584	6
-2583	6
-2582	8
-2581	9
-2580	7
-2579	5
-2578	7
-2577	5
-2576	3
-2575	5
-2574	9
-2573	4
-2572	5
-2571	5
-2570	9
-2569	10
-2568	5
-2567	3
-2566	9
-2565	7
-2564	12
-2563	5
-2562	3
-2561	6
-2560	5
-2559	3
-2558	3
-2557	6
-2556	4
-2555	5
-2554	2
-2553	4
-2552	2
-2551	1
-2550	9
-2549	3
-2548	2
-2547	5
-2546	11
-2545	4
-2544	4
-2543	10
-2542	8
-2541	3
-2540	3
-2539	5
-2538	5
-2537	9
-2536	5
-2535	4
-2534	6
-2533	11
-2532	6
-2531	7
-2530	8
-2529	4
-2528	3
-2527	4
-2526	2
-2525	4
-2524	4
-2523	8
-2522	3
-2521	7
-2520	8
-2519	4
-2518	5
-2517	8
-2516	1
-2515	5
-2514	3
-2513	9
-2512	3
-2511	5
-2510	6
-2509	4
-2508	6
-2507	2
-2506	10
-2505	4
-2504	5
-2503	8
-2502	4
-2501	2
-2500	4
-2499	5
-2498	6
-2497	7
-2496	7
-2495	9
-2494	8
-2493	6
-2492	3
-2491	4
-2490	3
-2489	5
-2488	8
-2487	6
-2486	1
-2485	5
-2484	6
-2483	6
-2482	6
-2481	5
-2480	14
-2479	6
-2478	6
-2477	7
-2476	7
-2475	4
-2474	5
-2473	1
-2472	4
-2471	6
-2470	4
-2469	4
-2468	6
-2467	9
-2466	7
-2465	2
-2464	6
-2463	3
-2462	10
-2461	8
-2460	9
-2459	11
-2458	5
-2457	8
-2456	7
-2455	13
-2454	10
-2453	5
-2452	6
-2451	7
-2450	7
-2449	8
-2448	4
-2447	4
-2446	4
-2445	6
-2444	6
-2443	10
-2442	6
-2441	6
-2440	5
-2439	6
-2438	9
-2437	12
-2436	6
-2435	10
-2434	6
-2433	2
-2432	4
-2431	5
-2430	10
-2429	5
-2428	6
-2427	10
-2426	3
-2425	7
-2424	8
-2423	4
-2422	9
-2421	7
-2420	4
-2419	4
-2418	7
-2417	7
-2416	10
-2415	12
-2414	6
-2413	7
-2412	8
-2411	6
-2410	11
-2409	10
-2408	3
-2407	6
-2406	9
-2405	9
-2404	14
-2403	6
-2402	5
-2401	7
-2400	8
-2399	7
-2398	9
-2397	6
-2396	3
-2395	7
-2394	3
-2393	8
-2392	12
-2391	11
-2390	12
-2389	5
-2388	7
-2387	12
-2386	10
-2385	6
-2384	5
-2383	5
-2382	9
-2381	8
-2380	7
-2379	8
-2378	12
-2377	10
-2376	5
-2375	13
-2374	2
-2373	11
-2372	5
-2371	6
-2370	2
-2369	12
-2368	12
-2367	10
-2366	3
-2365	9
-2364	7
-2363	6
-2362	7
-2361	11
-2360	15
-2359	7
-2358	10
-2357	7
-2356	9
-2355	7
-2354	12
-2353	7
-2352	5
-2351	14
-2350	7
-2349	7
-2348	6
-2347	5
-2346	8
-2345	9
-2344	3
-2343	8
-2342	7
-2341	7
-2340	10
-2339	9
-2338	5
-2337	8
-2336	7
-2335	7
-2334	6
-2333	10
-2332	9
-2331	4
-2330	7
-2329	9
-2328	9
-2327	18
-2326	13
-2325	9
-2324	7
-2323	11
-2322	9
-2321	8
-2320	11
-2319	8
-2318	9
-2317	6
-2316	5
-2315	9
-2314	8
-2313	10
-2312	16
-2311	10
-2310	10
-2309	7
-2308	4
-2307	8
-2306	4
-2305	4
-2304	11
-2303	11
-2302	9
-2301	9
-2300	7
-2299	8
-2298	11
-2297	9
-2296	9
-2295	6
-2294	18
-2293	11
-2292	7
-2291	9
-2290	8
-2289	14
-2288	8
-2287	8
-2286	5
-2285	10
-2284	11
-2283	12
-2282	8
-2281	13
-2280	10
-2279	17
-2278	11
-2277	11
-2276	11
-2275	8
-2274	14
-2273	10
-2272	13
-2271	10
-2270	11
-2269	9
-2268	2
-2267	11
-2266	11
-2265	9
-2264	8
-2263	7
-2262	12
-2261	16
-2260	8
-2259	10
-2258	12
-2257	9
-2256	4
-2255	7
-2254	7
-2253	10
-2252	5
-2251	11
-2250	14
-2249	9
-2248	11
-2247	9
-2246	7
-2245	15
-2244	10
-2243	7
-2242	9
-2241	12
-2240	8
-2239	7
-2238	6
-2237	15
-2236	9
-2235	10
-2234	8
-2233	9
-2232	17
-2231	10
-2230	12
-2229	6
-2228	14
-2227	11
-2226	9
-2225	8
-2224	9
-2223	8
-2222	10
-2221	13
-2220	10
-2219	11
-2218	11
-2217	7
-2216	9
-2215	12
-2214	9
-2213	9
-2212	9
-2211	12
-2210	11
-2209	13
-2208	11
-2207	7
-2206	7
-2205	8
-2204	7
-2203	6
-2202	12
-2201	11
-2200	11
-2199	10
-2198	11
-2197	16
-2196	14
-2195	7
-2194	16
-2193	13
-2192	6
-2191	13
-2190	17
-2189	10
-2188	10
-2187	8
-2186	12
-2185	12
-2184	11
-2183	9
-2182	12
-2181	11
-2180	7
-2179	6
-2178	13
-2177	6
-2176	11
-2175	6
-2174	10
-2173	12
-2172	10
-2171	8
-2170	7
-2169	9
-2168	11
-2167	15
-2166	12
-2165	7
-2164	13
-2163	10
-2162	19
-2161	17
-2160	16
-2159	15
-2158	7
-2157	17
-2156	12
-2155	12
-2154	14
-2153	15
-2152	6
-2151	16
-2150	12
-2149	9
-2148	12
-2147	8
-2146	12
-2145	8
-2144	13
-2143	5
-2142	12
-2141	10
-2140	12
-2139	14
-2138	15
-2137	15
-2136	12
-2135	12
-2134	14
-2133	11
-2132	9
-2131	10
-2130	17
-2129	11
-2128	11
-2127	12
-2126	18
-2125	18
-2124	11
-2123	10
-2122	11
-2121	15
-2120	15
-2119	13
-2118	8
-2117	9
-2116	19
-2115	10
-2114	9
-2113	12
-2112	11
-2111	10
-2110	16
-2109	10
-2108	12
-2107	9
-2106	10
-2105	13
-2104	10
-2103	19
-2102	14
-2101	9
-2100	12
-2099	8
-2098	13
-2097	8
-2096	15
-2095	14
-2094	9
-2093	7
-2092	15
-2091	11
-2090	11
-2089	16
-2088	12
-2087	11
-2086	15
-2085	21
-2084	8
-2083	11
-2082	10
-2081	11
-2080	10
-2079	9
-2078	13
-2077	15
-2076	8
-2075	14
-2074	15
-2073	12
-2072	12
-2071	13
-2070	18
-2069	13
-2068	14
-2067	14
-2066	15
-2065	9
-2064	16
-2063	14
-2062	13
-2061	17
-2060	17
-2059	10
-2058	10
-2057	16
-2056	20
-2055	10
-2054	10
-2053	6
-2052	18
-2051	10
-2050	12
-2049	16
-2048	12
-2047	14
-2046	9
-2045	11
-2044	12
-2043	10
-2042	13
-2041	9
-2040	12
-2039	16
-2038	15
-2037	13
-2036	18
-2035	14
-2034	18
-2033	9
-2032	15
-2031	16
-2030	11
-2029	12
-2028	8
-2027	13
-2026	8
-2025	9
-2024	12
-2023	11
-2022	9
-2021	13
-2020	17
-2019	8
-2018	24
-2017	12
-2016	13
-2015	17
-2014	16
-2013	27
-2012	14
-2011	14
-2010	16
-2009	11
-2008	9
-2007	13
-2006	12
-2005	11
-2004	14
-2003	10
-2002	26
-2001	11
-2000	15
-1999	11
-1998	13
-1997	29
-1996	16
-1995	13
-1994	14
-1993	14
-1992	12
-1991	14
-1990	19
-1989	13
-1988	14
-1987	17
-1986	12
-1985	13
-1984	11
-1983	6
-1982	19
-1981	15
-1980	24
-1979	13
-1978	14
-1977	10
-1976	15
-1975	16
-1974	16
-1973	21
-1972	15
-1971	17
-1970	15
-1969	16
-1968	15
-1967	22
-1966	12
-1965	20
-1964	18
-1963	7
-1962	17
-1961	13
-1960	18
-1959	14
-1958	19
-1957	19
-1956	23
-1955	15
-1954	22
-1953	17
-1952	11
-1951	14
-1950	13
-1949	15
-1948	11
-1947	16
-1946	19
-1945	22
-1944	10
-1943	18
-1942	19
-1941	13
-1940	16
-1939	17
-1938	8
-1937	18
-1936	20
-1935	14
-1934	10
-1933	9
-1932	20
-1931	20
-1930	25
-1929	9
-1928	13
-1927	20
-1926	14
-1925	17
-1924	18
-1923	11
-1922	10
-1921	10
-1920	20
-1919	19
-1918	14
-1917	13
-1916	12
-1915	19
-1914	15
-1913	18
-1912	14
-1911	26
-1910	13
-1909	16
-1908	16
-1907	22
-1906	16
-1905	19
-1904	26
-1903	17
-1902	17
-1901	17
-1900	17
-1899	11
-1898	25
-1897	20
-1896	21
-1895	14
-1894	19
-1893	11
-1892	18
-1891	13
-1890	11
-1889	10
-1888	17
-1887	13
-1886	13
-1885	10
-1884	17
-1883	18
-1882	18
-1881	19
-1880	24
-1879	12
-1878	16
-1877	17
-1876	6
-1875	21
-1874	13
-1873	33
-1872	16
-1871	17
-1870	15
-1869	19
-1868	20
-1867	13
-1866	11
-1865	13
-1864	13
-1863	22
-1862	24
-1861	18
-1860	20
-1859	18
-1858	18
-1857	18
-1856	18
-1855	18
-1854	20
-1853	18
-1852	18
-1851	15
-1850	21
-1849	26
-1848	19
-1847	14
-1846	24
-1845	13
-1844	10
-1843	18
-1842	10
-1841	20
-1840	25
-1839	15
-1838	14
-1837	16
-1836	19
-1835	15
-1834	25
-1833	27
-1832	16
-1831	17
-1830	19
-1829	16
-1828	14
-1827	20
-1826	17
-1825	13
-1824	16
-1823	10
-1822	13
-1821	14
-1820	15
-1819	14
-1818	20
-1817	19
-1816	16
-1815	20
-1814	21
-1813	24
-1812	17
-1811	10
-1810	22
-1809	21
-1808	21
-1807	18
-1806	29
-1805	14
-1804	13
-1803	17
-1802	20
-1801	23
-1800	18
-1799	13
-1798	13
-1797	15
-1796	17
-1795	12
-1794	28
-1793	19
-1792	11
-1791	18
-1790	22
-1789	18
-1788	31
-1787	16
-1786	17
-1785	30
-1784	16
-1783	19
-1782	24
-1781	14
-1780	17
-1779	27
-1778	27
-1777	16
-1776	18
-1775	8
-1774	22
-1773	16
-1772	19
-1771	19
-1770	24
-1769	18
-1768	16
-1767	11
-1766	13
-1765	26
-1764	16
-1763	21
-1762	24
-1761	25
-1760	13
-1759	34
-1758	22
-1757	25
-1756	19
-1755	18
-1754	24
-1753	18
-1752	18
-1751	23
-1750	18
-1749	20
-1748	22
-1747	36
-1746	15
-1745	20
-1744	22
-1743	17
-1742	20
-1741	13
-1740	15
-1739	27
-1738	21
-1737	18
-1736	15
-1735	19
-1734	16
-1733	23
-1732	22
-1731	21
-1730	20
-1729	23
-1728	22
-1727	23
-1726	16
-1725	34
-1724	11
-1723	21
-1722	12
-1721	24
-1720	23
-1719	19
-1718	18
-1717	25
-1716	19
-1715	21
-1714	25
-1713	23
-1712	25
-1711	18
-1710	16
-1709	21
-1708	22
-1707	15
-1706	17
-1705	27
-1704	24
-1703	22
-1702	11
-1701	17
-1700	25
-1699	14
-1698	16
-1697	27
-1696	19
-1695	28
-1694	19
-1693	25
-1692	21
-1691	27
-1690	20
-1689	31
-1688	26
-1687	17
-1686	22
-1685	26
-1684	26
-1683	28
-1682	20
-1681	20
-1680	28
-1679	27
-1678	20
-1677	22
-1676	29
-1675	18
-1674	27
-1673	27
-1672	17
-1671	24
-1670	12
-1669	20
-1668	22
-1667	20
-1666	20
-1665	20
-1664	21
-1663	21
-1662	17
-1661	17
-1660	21
-1659	20
-1658	22
-1657	24
-1656	17
-1655	19
-1654	23
-1653	25
-1652	27
-1651	15
-1650	28
-1649	23
-1648	26
-1647	13
-1646	34
-1645	25
-1644	18
-1643	20
-1642	26
-1641	17
-1640	21
-1639	22
-1638	27
-1637	16
-1636	22
-1635	26
-1634	27
-1633	30
-1632	25
-1631	27
-1630	21
-1629	22
-1628	23
-1627	21
-1626	27
-1625	17
-1624	18
-1623	22
-1622	22
-1621	31
-1620	20
-1619	17
-1618	30
-1617	21
-1616	31
-1615	26
-1614	20
-1613	19
-1612	25
-1611	32
-1610	23
-1609	27
-1608	16
-1607	21
-1606	29
-1605	25
-1604	29
-1603	27
-1602	29
-1601	20
-1600	22
-1599	20
-1598	26
-1597	27
-1596	20
-1595	29
-1594	14
-1593	15
-1592	20
-1591	19
-1590	25
-1589	18
-1588	26
-1587	20
-1586	27
-1585	22
-1584	24
-1583	24
-1582	25
-1581	31
-1580	27
-1579	28
-1578	20
-1577	31
-1576	18
-1575	22
-1574	29
-1573	19
-1572	24
-1571	20
-1570	26
-1569	23
-1568	22
-1567	23
-1566	31
-1565	29
-1564	21
-1563	30
-1562	19
-1561	24
-1560	15
-1559	27
-1558	30
-1557	37
-1556	31
-1555	28
-1554	23
-1553	21
-1552	26
-1551	32
-1550	23
-1549	22
-1548	28
-1547	24
-1546	41
-1545	35
-1544	26
-1543	36
-1542	25
-1541	23
-1540	29
-1539	16
-1538	32
-1537	26
-1536	27
-1535	20
-1534	24
-1533	21
-1532	30
-1531	24
-1530	18
-1529	25
-1528	24
-1527	29
-1526	29
-1525	29
-1524	21
-1523	27
-1522	20
-1521	26
-1520	34
-1519	33
-1518	27
-1517	26
-1516	35
-1515	35
-1514	32
-1513	22
-1512	34
-1511	22
-1510	24
-1509	28
-1508	28
-1507	35
-1506	21
-1505	30
-1504	24
-1503	27
-1502	20
-1501	28
-1500	28
-1499	30
-1498	17
-1497	27
-1496	28
-1495	17
-1494	24
-1493	34
-1492	27
-1491	17
-1490	31
-1489	25
-1488	26
-1487	21
-1486	27
-1485	27
-1484	27
-1483	23
-1482	28
-1481	27
-1480	25
-1479	37
-1478	23
-1477	22
-1476	25
-1475	30
-1474	27
-1473	39
-1472	30
-1471	31
-1470	31
-1469	30
-1468	35
-1467	30
-1466	21
-1465	27
-1464	31
-1463	31
-1462	26
-1461	28
-1460	21
-1459	27
-1458	27
-1457	32
-1456	37
-1455	31
-1454	32
-1453	32
-1452	26
-1451	35
-1450	30
-1449	28
-1448	24
-1447	25
-1446	26
-1445	20
-1444	30
-1443	32
-1442	23
-1441	28
-1440	30
-1439	34
-1438	39
-1437	20
-1436	33
-1435	28
-1434	38
-1433	38
-1432	28
-1431	40
-1430	33
-1429	28
-1428	29
-1427	23
-1426	25
-1425	32
-1424	32
-1423	26
-1422	25
-1421	22
-1420	20
-1419	34
-1418	34
-1417	34
-1416	33
-1415	30
-1414	27
-1413	21
-1412	26
-1411	27
-1410	35
-1409	30
-1408	36
-1407	23
-1406	36
-1405	34
-1404	33
-1403	19
-1402	27
-1401	32
-1400	38
-1399	43
-1398	30
-1397	34
-1396	28
-1395	36
-1394	27
-1393	25
-1392	35
-1391	27
-1390	33
-1389	32
-1388	32
-1387	25
-1386	22
-1385	29
-1384	32
-1383	34
-1382	33
-1381	41
-1380	22
-1379	29
-1378	40
-1377	23
-1376	32
-1375	28
-1374	36
-1373	33
-1372	31
-1371	28
-1370	33
-1369	31
-1368	40
-1367	28
-1366	26
-1365	31
-1364	21
-1363	40
-1362	38
-1361	25
-1360	19
-1359	27
-1358	32
-1357	32
-1356	38
-1355	18
-1354	24
-1353	34
-1352	23
-1351	31
-1350	32
-1349	25
-1348	28
-1347	33
-1346	31
-1345	22
-1344	32
-1343	19
-1342	34
-1341	34
-1340	27
-1339	33
-1338	28
-1337	36
-1336	23
-1335	35
-1334	28
-1333	39
-1332	34
-1331	22
-1330	18
-1329	35
-1328	36
-1327	37
-1326	19
-1325	31
-1324	36
-1323	25
-1322	26
-1321	34
-1320	31
-1319	27
-1318	21
-1317	40
-1316	24
-1315	30
-1314	37
-1313	28
-1312	33
-1311	30
-1310	43
-1309	38
-1308	27
-1307	22
-1306	26
-1305	30
-1304	29
-1303	34
-1302	31
-1301	40
-1300	29
-1299	29
-1298	30
-1297	33
-1296	32
-1295	31
-1294	28
-1293	32
-1292	41
-1291	32
-1290	35
-1289	36
-1288	37
-1287	32
-1286	24
-1285	32
-1284	35
-1283	44
-1282	36
-1281	36
-1280	33
-1279	19
-1278	29
-1277	28
-1276	53
-1275	30
-1274	21
-1273	26
-1272	33
-1271	35
-1270	28
-1269	32
-1268	27
-1267	37
-1266	37
-1265	36
-1264	25
-1263	36
-1262	43
-1261	45
-1260	34
-1259	25
-1258	29
-1257	28
-1256	25
-1255	31
-1254	33
-1253	34
-1252	40
-1251	41
-1250	24
-1249	36
-1248	31
-1247	31
-1246	39
-1245	26
-1244	22
-1243	36
-1242	38
-1241	29
-1240	28
-1239	33
-1238	32
-1237	21
-1236	51
-1235	36
-1234	35
-1233	21
-1232	39
-1231	37
-1230	43
-1229	36
-1228	38
-1227	22
-1226	35
-1225	29
-1224	35
-1223	35
-1222	37
-1221	26
-1220	28
-1219	25
-1218	25
-1217	28
-1216	37
-1215	31
-1214	34
-1213	26
-1212	29
-1211	24
-1210	44
-1209	32
-1208	33
-1207	31
-1206	43
-1205	27
-1204	20
-1203	35
-1202	28
-1201	26
-1200	36
-1199	43
-1198	32
-1197	26
-1196	19
-1195	35
-1194	32
-1193	34
-1192	33
-1191	25
-1190	41
-1189	37
-1188	34
-1187	39
-1186	23
-1185	37
-1184	39
-1183	35
-1182	43
-1181	28
-1180	42
-1179	31
-1178	38
-1177	36
-1176	25
-1175	24
-1174	24
-1173	42
-1172	25
-1171	35
-1170	39
-1169	28
-1168	41
-1167	36
-1166	34
-1165	34
-1164	22
-1163	42
-1162	40
-1161	39
-1160	43
-1159	48
-1158	34
-1157	26
-1156	37
-1155	35
-1154	17
-1153	26
-1152	32
-1151	43
-1150	27
-1149	28
-1148	37
-1147	32
-1146	33
-1145	43
-1144	39
-1143	37
-1142	31
-1141	32
-1140	34
-1139	28
-1138	43
-1137	34
-1136	34
-1135	24
-1134	27
-1133	44
-1132	33
-1131	39
-1130	33
-1129	30
-1128	41
-1127	40
-1126	41
-1125	45
-1124	37
-1123	35
-1122	34
-1121	39
-1120	28
-1119	43
-1118	40
-1117	30
-1116	37
-1115	25
-1114	29
-1113	30
-1112	36
-1111	40
-1110	29
-1109	37
-1108	37
-1107	38
-1106	31
-1105	36
-1104	35
-1103	43
-1102	35
-1101	38
-1100	43
-1099	42
-1098	33
-1097	24
-1096	35
-1095	38
-1094	34
-1093	30
-1092	49
-1091	36
-1090	27
-1089	41
-1088	41
-1087	41
-1086	36
-1085	35
-1084	28
-1083	50
-1082	41
-1081	23
-1080	26
-1079	26
-1078	45
-1077	33
-1076	26
-1075	40
-1074	32
-1073	30
-1072	35
-1071	35
-1070	40
-1069	42
-1068	41
-1067	37
-1066	36
-1065	33
-1064	47
-1063	36
-1062	33
-1061	33
-1060	34
-1059	36
-1058	37
-1057	33
-1056	30
-1055	43
-1054	26
-1053	27
-1052	43
-1051	38
-1050	34
-1049	33
-1048	34
-1047	34
-1046	39
-1045	36
-1044	46
-1043	33
-1042	41
-1041	52
-1040	40
-1039	35
-1038	39
-1037	24
-1036	39
-1035	33
-1034	32
-1033	38
-1032	37
-1031	26
-1030	41
-1029	36
-1028	32
-1027	36
-1026	40
-1025	42
-1024	38
-1023	49
-1022	34
-1021	43
-1020	26
-1019	32
-1018	40
-1017	41
-1016	37
-1015	33
-1014	34
-1013	33
-1012	44
-1011	35
-1010	39
-1009	52
-1008	40
-1007	41
-1006	49
-1005	43
-1004	44
-1003	39
-1002	37
-1001	40
-1000	36
-999	33
-998	31
-997	42
-996	33
-995	45
-994	50
-993	40
-992	36
-991	41
-990	38
-989	37
-988	37
-987	35
-986	50
-985	41
-984	32
-983	38
-982	36
-981	31
-980	43
-979	43
-978	37
-977	28
-976	41
-975	36
-974	36
-973	29
-972	40
-971	45
-970	40
-969	41
-968	30
-967	33
-966	33
-965	33
-964	34
-963	47
-962	37
-961	30
-960	31
-959	40
-958	30
-957	43
-956	38
-955	37
-954	37
-953	37
-952	37
-951	37
-950	41
-949	41
-948	39
-947	45
-946	42
-945	33
-944	34
-943	30
-942	35
-941	40
-940	39
-939	40
-938	38
-937	46
-936	36
-935	35
-934	36
-933	44
-932	44
-931	34
-930	36
-929	35
-928	35
-927	39
-926	33
-925	48
-924	39
-923	40
-922	32
-921	39
-920	40
-919	29
-918	36
-917	34
-916	42
-915	37
-914	38
-913	30
-912	40
-911	37
-910	42
-909	30
-908	51
-907	26
-906	51
-905	50
-904	33
-903	45
-902	43
-901	39
-900	39
-899	35
-898	27
-897	37
-896	44
-895	46
-894	42
-893	45
-892	40
-891	42
-890	41
-889	44
-888	47
-887	26
-886	37
-885	38
-884	30
-883	32
-882	37
-881	37
-880	32
-879	39
-878	45
-877	34
-876	43
-875	44
-874	38
-873	38
-872	39
-871	36
-870	31
-869	39
-868	47
-867	38
-866	51
-865	47
-864	41
-863	38
-862	41
-861	41
-860	47
-859	41
-858	37
-857	31
-856	38
-855	53
-854	49
-853	56
-852	45
-851	36
-850	37
-849	30
-848	38
-847	36
-846	43
-845	38
-844	45
-843	41
-842	50
-841	41
-840	33
-839	44
-838	27
-837	48
-836	40
-835	49
-834	37
-833	41
-832	39
-831	45
-830	47
-829	39
-828	30
-827	39
-826	37
-825	41
-824	38
-823	41
-822	32
-821	40
-820	43
-819	38
-818	43
-817	58
-816	33
-815	38
-814	38
-813	45
-812	46
-811	53
-810	42
-809	36
-808	38
-807	42
-806	41
-805	53
-804	42
-803	29
-802	32
-801	39
-800	38
-799	46
-798	33
-797	58
-796	45
-795	26
-794	46
-793	41
-792	43
-791	40
-790	40
-789	50
-788	34
-787	39
-786	49
-785	44
-784	40
-783	44
-782	38
-781	32
-780	47
-779	46
-778	37
-777	31
-776	49
-775	42
-774	42
-773	37
-772	38
-771	39
-770	53
-769	50
-768	50
-767	38
-766	48
-765	44
-764	41
-763	34
-762	34
-761	35
-760	35
-759	31
-758	49
-757	43
-756	41
-755	50
-754	50
-753	28
-752	46
-751	40
-750	32
-749	46
-748	41
-747	46
-746	41
-745	47
-744	33
-743	31
-742	38
-741	42
-740	36
-739	39
-738	45
-737	36
-736	55
-735	42
-734	45
-733	37
-732	39
-731	48
-730	40
-729	32
-728	47
-727	32
-726	49
-725	42
-724	41
-723	42
-722	41
-721	38
-720	31
-719	35
-718	35
-717	42
-716	44
-715	40
-714	44
-713	44
-712	34
-711	36
-710	37
-709	44
-708	31
-707	40
-706	40
-705	44
-704	34
-703	46
-702	35
-701	42
-700	45
-699	43
-698	35
-697	29
-696	55
-695	41
-694	46
-693	37
-692	40
-691	30
-690	35
-689	41
-688	39
-687	37
-686	37
-685	38
-684	51
-683	40
-682	35
-681	37
-680	50
-679	44
-678	44
-677	60
-676	40
-675	47
-674	40
-673	32
-672	40
-671	46
-670	50
-669	32
-668	34
-667	32
-666	46
-665	41
-664	36
-663	41
-662	48
-661	43
-660	45
-659	43
-658	32
-657	39
-656	48
-655	42
-654	41
-653	39
-652	45
-651	60
-650	48
-649	50
-648	44
-647	42
-646	44
-645	22
-644	38
-643	41
-642	38
-641	35
-640	39
-639	41
-638	46
-637	32
-636	30
-635	32
-634	42
-633	38
-632	47
-631	38
-630	40
-629	46
-628	43
-627	39
-626	40
-625	53
-624	51
-623	40
-622	54
-621	40
-620	34
-619	36
-618	35
-617	42
-616	42
-615	40
-614	39
-613	50
-612	43
-611	45
-610	50
-609	36
-608	40
-607	42
-606	36
-605	45
-604	51
-603	41
-602	34
-601	32
-600	37
-599	38
-598	53
-597	39
-596	29
-595	39
-594	30
-593	40
-592	33
-591	42
-590	42
-589	44
-588	41
-587	39
-586	32
-585	39
-584	37
-583	48
-582	44
-581	46
-580	42
-579	45
-578	45
-577	49
-576	55
-575	37
-574	38
-573	31
-572	28
-571	48
-570	37
-569	55
-568	47
-567	43
-566	38
-565	41
-564	38
-563	46
-562	32
-561	43
-560	42
-559	49
-558	43
-557	43
-556	34
-555	35
-554	49
-553	36
-552	44
-551	39
-550	35
-549	35
-548	39
-547	43
-546	48
-545	44
-544	45
-543	41
-542	48
-541	42
-540	44
-539	36
-538	43
-537	48
-536	30
-535	34
-534	34
-533	44
-532	43
-531	37
-530	36
-529	40
-528	36
-527	33
-526	37
-525	38
-524	40
-523	41
-522	43
-521	44
-520	37
-519	34
-518	46
-517	43
-516	39
-515	42
-514	38
-513	45
-512	48
-511	42
-510	45
-509	45
-508	43
-507	35
-506	41
-505	51
-504	49
-503	48
-502	42
-501	38
-500	36
-499	37
-498	51
-497	38
-496	30
-495	38
-494	44
-493	44
-492	37
-491	48
-490	42
-489	56
-488	42
-487	34
-486	42
-485	40
-484	48
-483	39
-482	28
-481	49
-480	36
-479	38
-478	36
-477	39
-476	43
-475	40
-474	45
-473	32
-472	36
-471	45
-470	38
-469	52
-468	39
-467	46
-466	35
-465	35
-464	43
-463	42
-462	47
-461	32
-460	50
-459	42
-458	34
-457	45
-456	32
-455	45
-454	42
-453	36
-452	34
-451	38
-450	37
-449	33
-448	35
-447	40
-446	44
-445	38
-444	33
-443	36
-442	45
-441	43
-440	35
-439	52
-438	37
-437	35
-436	47
-435	39
-434	38
-433	44
-432	36
-431	44
-430	42
-429	34
-428	43
-427	46
-426	33
-425	37
-424	44
-423	44
-422	37
-421	40
-420	34
-419	34
-418	52
-417	33
-416	35
-415	36
-414	49
-413	34
-412	33
-411	43
-410	44
-409	31
-408	38
-407	49
-406	40
-405	55
-404	51
-403	31
-402	45
-401	39
-400	38
-399	45
-398	56
-397	28
-396	35
-395	32
-394	37
-393	40
-392	32
-391	40
-390	45
-389	29
-388	44
-387	43
-386	28
-385	33
-384	33
-383	35
-382	47
-381	37
-380	47
-379	41
-378	38
-377	34
-376	33
-375	46
-374	22
-373	40
-372	38
-371	38
-370	37
-369	42
-368	33
-367	40
-366	34
-365	33
-364	40
-363	38
-362	41
-361	46
-360	47
-359	47
-358	56
-357	52
-356	36
-355	37
-354	25
-353	48
-352	29
-351	50
-350	46
-349	55
-348	41
-347	35
-346	38
-345	43
-344	34
-343	43
-342	33
-341	40
-340	35
-339	35
-338	35
-337	33
-336	54
-335	48
-334	45
-333	39
-332	47
-331	41
-330	47
-329	46
-328	43
-327	30
-326	48
-325	32
-324	46
-323	41
-322	37
-321	44
-320	38
-319	43
-318	34
-317	40
-316	46
-315	39
-314	36
-313	34
-312	42
-311	34
-310	42
-309	31
-308	32
-307	38
-306	44
-305	35
-304	42
-303	44
-302	38
-301	33
-300	42
-299	37
-298	37
-297	36
-296	49
-295	42
-294	39
-293	37
-292	37
-291	39
-290	64
-289	36
-288	37
-287	47
-286	42
-285	34
-284	37
-283	40
-282	26
-281	35
-280	39
-279	36
-278	36
-277	30
-276	42
-275	46
-274	41
-273	37
-272	38
-271	31
-270	30
-269	31
-268	45
-267	44
-266	37
-265	29
-264	47
-263	30
-262	43
-261	34
-260	31
-259	53
-258	39
-257	40
-256	46
-255	52
-254	39
-253	39
-252	36
-251	43
-250	42
-249	40
-248	36
-247	46
-246	28
-245	41
-244	38
-243	40
-242	33
-241	44
-240	39
-239	41
-238	41
-237	35
-236	31
-235	37
-234	38
-233	32
-232	48
-231	39
-230	52
-229	29
-228	39
-227	44
-226	40
-225	46
-224	43
-223	41
-222	31
-221	31
-220	40
-219	35
-218	35
-217	35
-216	29
-215	38
-214	38
-213	37
-212	48
-211	34
-210	36
-209	44
-208	43
-207	41
-206	36
-205	27
-204	28
-203	35
-202	43
-201	35
-200	36
-199	49
-198	31
-197	27
-196	28
-195	37
-194	33
-193	46
-192	34
-191	39
-190	35
-189	41
-188	34
-187	42
-186	41
-185	43
-184	32
-183	36
-182	41
-181	30
-180	37
-179	34
-178	41
-177	41
-176	36
-175	43
-174	40
-173	39
-172	29
-171	43
-170	38
-169	47
-168	36
-167	40
-166	36
-165	28
-164	35
-163	40
-162	42
-161	26
-160	45
-159	37
-158	38
-157	47
-156	32
-155	40
-154	23
-153	33
-152	43
-151	51
-150	45
-149	25
-148	32
-147	38
-146	34
-145	29
-144	33
-143	32
-142	44
-141	38
-140	38
-139	34
-138	35
-137	34
-136	35
-135	42
-134	33
-133	44
-132	31
-131	30
-130	38
-129	30
-128	34
-127	42
-126	33
-125	32
-124	36
-123	25
-122	26
-121	41
-120	29
-119	36
-118	37
-117	40
-116	37
-115	26
-114	29
-113	31
-112	32
-111	37
-110	37
-109	28
-108	28
-107	30
-106	40
-105	29
-104	33
-103	27
-102	25
-101	36
-100	27
-99	36
-98	42
-97	33
-96	35
-95	30
-94	33
-93	36
-92	34
-91	13
-90	39
-89	41
-88	37
-87	41
-86	41
-85	34
-84	40
-83	36
-82	35
-81	45
-80	41
-79	42
-78	35
-77	37
-76	35
-75	37
-74	30
-73	35
-72	35
-71	32
-70	26
-69	32
-68	39
-67	37
-66	37
-65	38
-64	32
-63	34
-62	36
-61	34
-60	36
-59	30
-58	35
-57	29
-56	42
-55	37
-54	33
-53	32
-52	41
-51	30
-50	43
-49	24
-48	35
-47	36
-46	33
-45	24
-44	24
-43	31
-42	29
-41	36
-40	36
-39	31
-38	27
-37	33
-36	29
-35	40
-34	45
-33	33
-32	31
-31	45
-30	47
-29	31
-28	40
-27	29
-26	35
-25	43
-24	34
-23	36
-22	25
-21	34
-20	43
-19	20
-18	33
-17	35
-16	44
-15	29
-14	43
-13	45
-12	26
-11	30
-10	24
-9	33
-8	43
-7	39
-6	48
-5	33
-4	27
-3	30
-2	37
-1	41
1	48
2	41
3	37
4	19
5	34
6	29
7	43
8	41
9	36
10	41
11	50
12	32
13	34
14	42
15	28
16	29
17	36
18	36
19	29
20	38
21	35
22	37
23	39
24	27
25	35
26	30
27	30
28	33
29	36
30	38
31	34
32	40
33	32
34	30
35	40
36	33
37	43
38	33
39	35
40	29
41	21
42	28
43	29
44	33
45	38
46	29
47	36
48	37
49	28
50	48
51	40
52	34
53	42
54	30
55	45
56	29
57	34
58	28
59	18
60	30
61	31
62	30
63	30
64	35
65	41
66	29
67	26
68	24
69	34
70	30
71	34
72	29
73	27
74	34
75	25
76	44
77	29
78	31
79	35
80	31
81	43
82	26
83	30
84	40
85	33
86	42
87	25
88	33
89	34
90	28
91	33
92	33
93	35
94	23
95	30
96	36
97	25
98	35
99	30
100	38
101	42
102	28
103	19
104	34
105	37
106	36
107	25
108	32
109	25
110	33
111	29
112	33
113	30
114	39
115	27
116	32
117	24
118	24
119	37
120	30
121	24
122	37
123	42
124	31
125	33
126	28
127	34
128	29
129	31
130	23
131	32
132	37
133	27
134	34
135	39
136	32
137	21
138	39
139	28
140	24
141	33
142	32
143	27
144	38
145	37
146	42
147	39
148	29
149	27
150	31
151	50
152	22
153	29
154	17
155	23
156	33
157	27
158	28
159	26
160	29
161	28
162	41
163	28
164	44
165	32
166	31
167	29
168	27
169	42
170	36
171	25
172	26
173	36
174	25
175	21
176	33
177	27
178	31
179	30
180	28
181	32
182	32
183	27
184	30
185	30
186	29
187	34
188	28
189	32
190	33
191	28
192	38
193	28
194	30
195	39
196	40
197	17
198	27
199	38
200	41
201	32
202	22
203	34
204	15
205	35
206	25
207	29
208	35
209	30
210	29
211	30
212	22
213	34
214	21
215	31
216	21
217	29
218	27
219	22
220	34
221	32
222	31
223	27
224	24
225	30
226	24
227	21
228	28
229	23
230	35
231	37
232	21
233	39
234	34
235	31
236	40
237	27
238	28
239	32
240	24
241	36
242	24
243	13
244	23
245	30
246	29
247	31
248	30
249	34
250	20
251	32
252	33
253	23
254	25
255	22
256	20
257	30
258	28
259	31
260	25
261	23
262	30
263	20
264	19
265	36
266	18
267	13
268	21
269	21
270	30
271	27
272	39
273	27
274	31
275	34
276	23
277	32
278	23
279	26
280	23
281	34
282	23
283	35
284	25
285	31
286	29
287	26
288	26
289	27
290	28
291	29
292	22
293	28
294	30
295	33
296	33
297	26
298	29
299	24
300	25
301	27
302	26
303	23
304	28
305	25
306	16
307	23
308	18
309	30
310	24
311	31
312	21
313	24
314	25
315	24
316	29
317	24
318	22
319	12
320	22
321	38
322	26
323	22
324	24
325	24
326	31
327	25
328	28
329	23
330	25
331	21
332	18
333	32
334	16
335	26
336	31
337	24
338	32
339	22
340	24
341	32
342	27
343	26
344	24
345	31
346	22
347	28
348	27
349	18
350	24
351	30
352	24
353	23
354	33
355	21
356	24
357	31
358	34
359	24
360	21
361	20
362	31
363	34
364	28
365	25
366	28
367	26
368	22
369	31
370	23
371	26
372	29
373	26
374	26
375	30
376	20
377	27
378	32
379	22
380	18
381	21
382	24
383	28
384	21
385	25
386	20
387	31
388	15
389	31
390	26
391	24
392	20
393	26
394	20
395	23
396	26
397	19
398	34
399	14
400	25
401	25
402	33
403	24
404	23
405	24
406	26
407	27
408	24
409	14
410	32
411	29
412	25
413	18
414	24
415	26
416	18
417	19
418	21
419	30
420	27
421	33
422	32
423	22
424	25
425	21
426	20
427	26
428	25
429	23
430	21
431	22
432	19
433	15
434	21
435	24
436	23
437	27
438	21
439	24
440	25
441	25
442	27
443	23
444	19
445	20
446	27
447	23
448	32
449	17
450	35
451	32
452	16
453	22
454	13
455	11
456	23
457	21
458	36
459	27
460	25
461	25
462	25
463	19
464	19
465	27
466	21
467	16
468	26
469	28
470	19
471	29
472	18
473	27
474	23
475	22
476	33
477	26
478	22
479	22
480	31
481	18
482	22
483	24
484	27
485	19
486	29
487	29
488	27
489	28
490	26
491	19
492	22
493	19
494	21
495	24
496	18
497	29
498	25
499	20
500	23
501	24
502	22
503	20
504	27
505	21
506	30
507	23
508	24
509	24
510	20
511	23
512	25
513	22
514	18
515	28
516	23
517	20
518	19
519	19
520	17
521	13
522	21
523	18
524	21
525	15
526	26
527	13
528	20
529	20
530	18
531	13
532	26
533	26
534	22
535	16
536	22
537	24
538	21
539	17
540	21
541	25
542	23
543	19
544	28
545	28
546	21
547	20
548	14
549	23
550	19
551	18
552	17
553	21
554	13
555	27
556	17
557	22
558	13
559	23
560	21
561	23
562	19
563	27
564	16
565	16
566	23
567	16
568	29
569	25
570	29
571	16
572	22
573	27
574	17
575	14
576	29
577	22
578	20
579	12
580	13
581	18
582	19
583	16
584	21
585	16
586	16
587	15
588	18
589	29
590	26
591	14
592	20
593	18
594	22
595	21
596	24
597	23
598	19
599	16
600	21
601	26
602	23
603	18
604	16
605	27
606	21
607	19
608	22
609	16
610	25
611	16
612	18
613	29
614	17
615	15
616	18
617	15
618	21
619	23
620	15
621	25
622	20
623	22
624	15
625	26
626	23
627	17
628	16
629	10
630	19
631	13
632	23
633	19
634	13
635	21
636	15
637	16
638	16
639	23
640	10
641	18
642	20
643	30
644	17
645	19
646	16
647	21
648	20
649	17
650	13
651	21
652	15
653	24
654	21
655	28
656	12
657	12
658	17
659	15
660	17
661	13
662	19
663	22
664	13
665	12
666	16
667	19
668	23
669	17
670	15
671	12
672	16
673	15
674	20
675	19
676	20
677	21
678	12
679	13
680	24
681	27
682	16
683	17
684	14
685	14
686	15
687	10
688	19
689	17
690	16
691	18
692	22
693	15
694	19
695	15
696	15
697	17
698	21
699	16
700	16
701	14
702	18
703	11
704	16
705	19
706	25
707	23
708	17
709	13
710	16
711	16
712	15
713	16
714	15
715	15
716	17
717	20
718	16
719	15
720	12
721	15
722	8
723	13
724	11
725	19
726	20
727	9
728	17
729	18
730	18
731	16
732	18
733	13
734	19
735	14
736	17
737	19
738	13
739	21
740	16
741	13
742	19
743	14
744	16
745	11
746	19
747	13
748	18
749	17
750	12
751	16
752	17
753	18
754	10
755	14
756	13
757	20
758	13
759	16
760	13
761	18
762	13
763	22
764	14
765	18
766	16
767	16
768	23
769	13
770	17
771	14
772	10
773	9
774	13
775	19
776	15
777	15
778	8
779	23
780	14
781	10
782	15
783	14
784	13
785	10
786	13
787	22
788	14
789	19
790	24
791	19
792	17
793	14
794	20
795	14
796	16
797	13
798	10
799	18
800	11
801	16
802	8
803	9
804	10
805	14
806	14
807	19
808	13
809	14
810	10
811	19
812	17
813	12
814	10
815	18
816	13
817	8
818	8
819	16
820	14
821	8
822	15
823	17
824	10
825	20
826	10
827	9
828	11
829	10
830	17
831	16
832	12
833	11
834	10
835	13
836	12
837	16
838	11
839	16
840	20
841	11
842	15
843	15
844	11
845	11
846	14
847	11
848	15
849	12
850	17
851	13
852	21
853	16
854	17
855	10
856	15
857	20
858	14
859	16
860	13
861	15
862	14
863	17
864	14
865	11
866	14
867	13
868	17
869	14
870	13
871	9
872	12
873	12
874	14
875	18
876	9
877	13
878	12
879	11
880	13
881	14
882	10
883	10
884	13
885	9
886	17
887	21
888	10
889	8
890	16
891	14
892	15
893	11
894	12
895	9
896	6
897	14
898	14
899	15
900	7
901	11
902	16
903	12
904	12
905	8
906	10
907	12
908	13
909	6
910	14
911	14
912	13
913	14
914	16
915	9
916	12
917	19
918	11
919	7
920	13
921	16
922	9
923	15
924	9
925	11
926	11
927	14
928	17
929	13
930	13
931	12
932	7
933	12
934	11
935	18
936	14
937	13
938	11
939	7
940	10
941	9
942	17
943	10
944	10
945	18
946	18
947	11
948	13
949	13
950	16
951	12
952	9
953	12
954	11
955	14
956	9
957	13
958	17
959	15
960	12
961	14
962	11
963	13
964	7
965	10
966	16
967	12
968	7
969	16
970	11
971	12
972	11
973	21
974	9
975	11
976	15
977	12
978	16
979	6
980	10
981	7
982	12
983	16
984	10
985	13
986	5
987	11
988	15
989	13
990	9
991	13
992	13
993	9
994	9
995	10
996	10
997	10
998	8
999	6
1000	10
1001	6
1002	8
1003	15
1004	11
1005	12
1006	5
1007	11
1008	8
1009	12
1010	14
1011	12
1012	12
1013	12
1014	17
1015	10
1016	7
1017	15
1018	13
1019	13
1020	18
1021	8
1022	10
1023	3
1024	7
1025	8
1026	10
1027	6
1028	8
1029	9
1030	13
1031	8
1032	7
1033	11
1034	10
1035	15
1036	11
1037	8
1038	14
1039	11
1040	12
1041	8
1042	12
1043	7
1044	9
1045	9
1046	10
1047	10
1048	9
1049	13
1050	11
1051	9
1052	7
1053	6
1054	9
1055	7
1056	11
1057	9
1058	7
1059	15
1060	13
1061	9
1062	14
1063	13
1064	12
1065	6
1066	11
1067	12
1068	10
1069	7
1070	9
1071	9
1072	8
1073	10
1074	12
1075	7
1076	10
1077	9
1078	10
1079	12
1080	7
1081	12
1082	6
1083	5
1084	11
1085	13
1086	10
1087	10
1088	8
1089	9
1090	10
1091	9
1092	10
1093	10
1094	7
1095	6
1096	12
1097	5
1098	9
1099	8
1100	3
1101	11
1102	13
1103	6
1104	9
1105	6
1106	9
1107	6
1108	12
1109	7
1110	13
1111	6
1112	7
1113	4
1114	13
1115	9
1116	11
1117	4
1118	12
1119	9
1120	9
1121	7
1122	8
1123	5
1124	6
1125	11
1126	7
1127	13
1128	10
1129	10
1130	10
1131	8
1132	8
1133	7
1134	6
1135	7
1136	13
1137	6
1138	7
1139	12
1140	5
1141	8
1142	6
1143	5
1144	5
1145	6
1146	4
1147	9
1148	8
1149	8
1150	6
1151	16
1152	7
1153	12
1154	7
1155	9
1156	10
1157	8
1158	7
1159	12
1160	9
1161	10
1162	5
1163	7
1164	16
1165	10
1166	7
1167	6
1168	9
1169	6
1170	8
1171	12
1172	9
1173	9
1174	2
1175	6
1176	12
1177	10
1178	7
1179	7
1180	9
1181	7
1182	10
1183	9
1184	13
1185	6
1186	5
1187	9
1188	9
1189	10
1190	3
1191	12
1192	7
1193	7
1194	5
1195	12
1196	9
1197	12
1198	6
1199	6
1200	4
1201	3
1202	11
1203	10
1204	8
1205	6
1206	13
1207	7
1208	9
1209	7
1210	6
1211	4
1212	6
1213	4
1214	6
1215	11
1216	13
1217	12
1218	9
1219	10
1220	10
1221	7
1222	5
1223	8
1224	13
1225	6
1226	5
1227	7
1228	6
1229	7
1230	7
1231	4
1232	5
1233	11
1234	14
1235	4
1236	3
1237	6
1238	6
1239	6
1240	9
1241	7
1242	5
1243	6
1244	11
1245	2
1246	9
1247	4
1248	5
1249	9
1250	6
1251	7
1252	2
1253	12
1254	5
1255	3
1256	2
1257	5
1258	12
1259	9
1260	7
1261	8
1262	7
1263	2
1264	7
1265	3
1266	8
1267	6
1268	6
1269	2
1270	10
1271	5
1272	5
1273	7
1274	5
1275	9
1276	9
1277	3
1278	4
1279	7
1280	10
1281	11
1282	5
1283	6
1284	6
1285	12
1286	7
1287	6
1288	9
1289	10
1290	8
1291	8
1292	3
1293	5
1295	4
1296	6
1297	4
1298	9
1299	7
1300	4
1301	2
1302	8
1303	9
1304	4
1305	2
1306	3
1307	12
1308	9
1309	8
1310	9
1311	10
1312	8
1313	4
1314	6
1315	15
1316	7
1317	5
1318	3
1319	7
1320	6
1321	8
1322	6
1323	6
1324	6
1325	6
1326	3
1327	3
1328	8
1329	14
1330	4
1331	4
1332	5
1333	6
1334	6
1335	8
1336	5
1337	3
1338	5
1339	4
1340	6
1341	9
1342	7
1343	2
1344	7
1345	6
1346	14
1347	7
1348	7
1349	7
1350	6
1351	10
1352	6
1353	5
1354	4
1355	5
1356	3
1357	6
1358	3
1359	4
1360	8
1361	2
1362	5
1363	3
1364	7
1365	5
1366	3
1367	7
1368	5
1369	4
1370	6
1371	4
1372	5
1373	6
1374	3
1375	4
1376	4
1377	3
1378	12
1379	5
1380	4
1381	8
1382	5
1383	10
1384	6
1385	2
1386	9
1387	6
1388	12
1389	7
1390	7
1391	9
1392	5
1393	4
1394	3
1395	12
1396	7
1397	6
1398	2
1399	8
1400	7
1401	4
1402	7
1403	4
1404	6
1405	7
1406	3
1407	4
1408	7
1409	2
1410	4
1411	3
1412	2
1413	7
1414	6
1415	6
1416	4
1417	7
1418	3
1419	3
1420	4
1421	9
1422	7
1423	3
1424	12
1425	4
1426	4
1427	4
1428	5
1429	3
1430	3
1431	6
1432	7
1433	6
1434	3
1435	5
1436	5
1437	6
1438	5
1439	6
1440	6
1441	7
1442	5
1443	2
1444	3
1445	3
1446	5
1447	4
1448	10
1449	3
1450	6
1451	2
1452	9
1453	4
1454	5
1455	8
1456	5
1457	2
1458	6
1459	5
1460	5
1461	4
1462	3
1463	2
1464	3
1465	9
1466	2
1467	2
1468	2
1469	3
1470	4
1471	4
1472	5
1473	5
1474	7
1475	5
1476	3
1477	1
1478	5
1479	6
1480	6
1481	1
1482	6
1483	5
1484	6
1485	1
1486	4
1487	7
1488	8
1489	4
1490	4
1491	5
1492	2
1493	2
1494	3
1495	2
1496	4
1497	3
1498	4
1499	5
1500	5
1501	3
1502	4
1503	5
1504	9
1505	7
1506	3
1507	6
1508	3
1509	5
1510	2
1511	4
1512	3
1513	6
1514	9
1515	6
1516	6
1517	10
1518	2
1519	2
1520	3
1521	4
1522	4
1523	1
1524	4
1525	1
1526	4
1527	4
1528	2
1529	3
1530	3
1531	4
1532	3
1533	3
1534	2
1535	3
1536	6
1537	4
1538	4
1539	3
1540	5
1541	1
1542	2
1543	2
1544	4
1545	3
1547	4
1548	4
1549	3
1550	2
1551	6
1552	4
1553	4
1554	5
1555	4
1556	2
1557	2
1558	7
1559	1
1560	6
1561	3
1562	5
1563	5
1564	3
1565	2
1566	4
1568	5
1569	4
1570	5
1571	2
1573	5
1574	6
1575	7
1576	5
1577	1
1578	3
1579	4
1580	5
1581	4
1582	1
1583	9
1584	4
1585	4
1586	6
1587	6
1589	6
1590	3
1591	3
1592	6
1593	2
1594	2
1595	5
1596	2
1598	4
1599	5
1600	3
1601	2
1602	5
1603	3
1604	4
1605	6
1606	4
1607	3
1608	1
1609	1
1610	1
1611	6
1612	3
1614	3
1615	3
1616	3
1618	5
1620	1
1621	1
1622	5
1623	4
1624	4
1625	3
1626	2
1627	5
1628	2
1629	3
1630	3
1631	4
1633	2
1634	2
1635	5
1636	3
1637	2
1638	3
1639	2
1640	3
1641	1
1642	1
1643	3
1644	3
1645	1
1646	1
1647	4
1648	1
1649	3
1650	2
1651	3
1652	3
1653	1
1654	1
1655	5
1656	1
1658	2
1659	1
1660	3
1661	2
1662	2
1663	2
1664	5
1665	4
1666	5
1667	3
1668	4
1669	4
1670	2
1671	4
1672	1
1673	3
1674	3
1675	1
1676	4
1677	3
1678	2
1679	1
1681	6
1682	5
1683	4
1684	1
1685	4
1686	1
1687	2
1688	2
1689	2
1690	2
1691	1
1692	9
1693	5
1694	1
1695	5
1697	4
1698	2
1699	3
1700	5
1702	2
1703	1
1704	1
1705	3
1706	6
1707	2
1708	2
1709	2
1710	3
1711	2
1712	2
1713	2
1714	1
1715	2
1716	2
1717	3
1718	1
1719	1
1720	2
1721	3
1722	4
1723	2
1724	6
1725	1
1726	4
1727	3
1728	2
1729	4
1730	3
1731	5
1732	4
1733	1
1734	4
1735	1
1736	1
1737	2
1738	2
1739	4
1740	1
1741	3
1742	2
1743	3
1744	6
1745	3
1747	2
1748	4
1749	4
1750	1
1751	3
1752	1
1753	1
1754	1
1755	3
1756	3
1757	4
1758	6
1759	1
1760	2
1761	4
1762	1
1763	1
1764	2
1765	2
1766	4
1769	1
1770	1
1771	3
1772	4
1773	3
1774	2
1775	1
1776	4
1777	6
1778	2
1779	3
1780	3
1781	1
1782	1
1783	2
1784	8
1785	2
1786	4
1788	3
1789	5
1790	2
1791	2
1792	4
1793	3
1794	1
1795	1
1796	1
1797	2
1798	3
1799	2
1800	1
1801	2
1802	2
1803	1
1804	4
1805	1
1806	1
1807	1
1808	3
1809	4
1811	1
1812	1
1813	1
1814	2
1815	3
1816	2
1817	1
1818	2
1819	3
1820	3
1821	1
1822	3
1823	3
1824	3
1825	1
1826	3
1827	6
1828	3
1830	1
1831	3
1832	1
1834	3
1835	1
1836	2
1837	2
1838	1
1839	2
1840	3
1841	2
1842	1
1843	4
1844	1
1845	2
1846	3
1848	4
1849	1
1850	3
1851	1
1852	3
1853	2
1854	1
1855	2
1856	2
1857	1
1858	1
1859	1
1861	1
1863	1
1864	2
1865	1
1866	1
1867	2
1868	1
1869	3
1870	4
1871	1
1872	2
1873	2
1874	3
1875	3
1876	2
1878	3
1879	3
1881	5
1882	1
1883	1
1885	1
1886	1
1888	3
1889	2
1890	1
1891	1
1892	1
1895	2
1896	1
1897	2
1898	3
1899	1
1900	2
1902	1
1903	4
1904	2
1905	1
1906	1
1910	2
1912	3
1913	4
1914	1
1915	1
1916	1
1917	4
1919	1
1920	4
1921	1
1922	2
1927	2
1928	1
1929	2
1930	1
1931	2
1933	1
1935	2
1936	3
1937	3
1938	1
1939	1
1940	2
1943	1
1944	3
1945	3
1946	1
1947	4
1950	2
1952	3
1953	1
1954	1
1955	2
1956	2
1957	1
1959	2
1961	2
1962	2
1963	2
1964	1
1966	1
1967	3
1968	1
1969	1
1970	1
1971	2
1972	1
1976	3
1977	1
1978	2
1980	3
1982	2
1983	2
1984	1
1985	2
1989	1
1991	1
1993	1
1998	3
2000	3
2002	1
2003	2
2004	2
2005	2
2006	2
2008	2
2009	1
2012	2
2014	1
2015	2
2016	2
2017	2
2018	1
2023	2
2024	2
2025	2
2026	1
2027	2
2029	1
2030	3
2034	1
2035	2
2036	1
2037	3
2038	1
2040	1
2041	1
2042	1
2044	2
2045	3
2046	1
2047	1
2048	2
2052	1
2053	2
2054	3
2055	2
2056	2
2057	1
2058	2
2059	1
2060	1
2061	1
2062	3
2063	2
2064	2
2065	1
2068	1
2071	2
2073	3
2074	2
2075	2
2078	1
2080	3
2081	3
2082	1
2085	2
2086	1
2088	1
2089	1
2090	1
2095	1
2096	3
2097	2
2098	1
2099	1
2101	1
2102	1
2103	1
2104	1
2107	1
2110	1
2113	2
2115	1
2117	1
2118	1
2120	3
2125	1
2128	1
2129	2
2130	1
2133	2
2136	2
2137	1
2138	1
2140	1
2143	1
2144	1
2145	3
2146	1
2147	1
2149	1
2153	2
2156	1
2158	1
2161	2
2162	2
2163	4
2164	1
2165	3
2166	2
2168	2
2170	3
2171	1
2173	1
2174	2
2175	3
2178	2
2180	1
2181	1
2182	1
2186	2
2188	2
2189	1
2190	1
2191	1
2192	2
2193	2
2196	3
2198	1
2199	2
2200	2
2201	2
2202	1
2204	1
2206	3
2207	1
2208	1
2212	1
2214	2
2217	1
2218	1
2221	1
2223	1
2229	3
2231	1
2237	1
2239	1
2240	1
2243	1
2244	1
2245	1
2247	2
2248	1
2249	2
2250	2
2251	1
2252	1
2256	2
2260	1
2263	1
2264	1
2265	1
2271	2
2272	1
2278	1
2281	2
2282	1
2284	2
2285	1
2287	2
2288	1
2300	1
2303	1
2306	1
2308	1
2310	1
2313	1
2316	1
2319	2
2320	1
2322	5
2326	1
2327	1
2328	1
2331	1
2334	1
2336	1
2338	1
2339	1
2341	1
2345	1
2347	1
2351	3
2352	1
2361	1
2365	1
2366	1
2371	1
2375	1
2376	1
2377	2
2381	1
2386	2
2390	2
2398	1
2399	1
2400	1
2404	1
2409	1
2415	1
2416	1
2419	1
2421	1
2422	1
2424	2
2426	1
2428	1
2432	2
2433	1
2439	1
2442	1
2449	1
2450	2
2453	1
2463	1
2464	1
2472	1
2476	1
2477	1
2484	1
2488	1
2492	1
2495	1
2500	1
2508	1
2512	1
2514	1
2516	1
2522	2
2524	1
2530	1
2535	1
2536	1
2541	1
2543	1
2545	1
2547	3
2548	2
2550	2
2554	1
2563	1
2564	1
2569	1
2572	1
2578	1
2579	1
2586	1
2587	1
2588	1
2614	1
2620	2
2624	1
2625	1
2643	1
2648	1
2655	1
2656	2
2660	1
2666	1
2667	1
2676	1
2682	2
2683	1
2693	1
2694	1
2695	1
2696	1
2711	1
2722	2
2725	1
2727	1
2729	1
2736	1
2739	1
2741	1
2749	1
2751	1
2752	1
2754	1
2756	1
2779	1
2783	1
2786	1
2791	1
2804	1
2815	1
2817	1
2835	1
2859	1
2874	1
2891	1
2930	1
2935	1
3048	1
3077	1
3109	1
3143	1
3168	1
3232	2
3276	1
3304	1
3323	1
3353	1
3475	1
3548	1
3681	1
3701	1
3731	1
