#TIME(PASSED): 10001	100.000000K
-426	1
-424	1
-421	1
-398	1
-395	2
-389	1
-386	1
-385	1
-384	1
-373	1
-371	1
-370	1
-369	1
-368	2
-365	1
-363	1
-359	1
-356	1
-355	2
-353	1
-352	1
-350	3
-349	1
-348	1
-345	3
-344	5
-343	1
-341	1
-338	2
-336	4
-334	1
-333	2
-332	1
-331	2
-329	1
-328	3
-327	2
-326	3
-325	4
-324	1
-322	2
-321	3
-320	2
-319	1
-318	7
-317	6
-314	1
-313	1
-312	3
-311	3
-310	1
-309	2
-308	5
-307	2
-306	1
-305	3
-304	5
-303	6
-302	4
-301	1
-300	12
-299	7
-298	4
-297	7
-296	8
-295	4
-294	5
-293	5
-292	5
-291	5
-290	3
-289	2
-288	6
-287	10
-286	4
-285	4
-284	13
-283	11
-282	4
-281	5
-280	6
-279	5
-278	13
-277	8
-276	10
-275	6
-274	5
-273	7
-272	9
-271	9
-270	15
-269	10
-268	10
-267	13
-266	8
-265	18
-264	9
-263	12
-262	17
-261	10
-260	14
-259	16
-258	11
-257	15
-256	16
-255	20
-254	20
-253	18
-252	14
-251	21
-250	7
-249	12
-248	20
-247	28
-246	16
-245	20
-244	21
-243	34
-242	22
-241	19
-240	29
-239	23
-238	27
-237	34
-236	17
-235	29
-234	26
-233	24
-232	28
-231	29
-230	29
-229	28
-228	38
-227	30
-226	32
-225	24
-224	36
-223	37
-222	39
-221	29
-220	48
-219	41
-218	33
-217	37
-216	45
-215	24
-214	44
-213	39
-212	50
-211	56
-210	38
-209	43
-208	41
-207	48
-206	53
-205	42
-204	47
-203	48
-202	57
-201	51
-200	52
-199	50
-198	55
-197	60
-196	62
-195	51
-194	57
-193	63
-192	61
-191	51
-190	71
-189	68
-188	63
-187	87
-186	60
-185	75
-184	85
-183	80
-182	75
-181	88
-180	93
-179	66
-178	101
-177	74
-176	96
-175	82
-174	89
-173	85
-172	108
-171	99
-170	96
-169	105
-168	98
-167	115
-166	86
-165	93
-164	115
-163	91
-162	123
-161	104
-160	114
-159	105
-158	107
-157	127
-156	112
-155	142
-154	112
-153	125
-152	123
-151	123
-150	126
-149	138
-148	147
-147	129
-146	126
-145	139
-144	150
-143	156
-142	156
-141	152
-140	156
-139	153
-138	177
-137	139
-136	156
-135	166
-134	158
-133	177
-132	170
-131	172
-130	175
-129	164
-128	178
-127	168
-126	172
-125	184
-124	175
-123	169
-122	204
-121	190
-120	197
-119	188
-118	210
-117	187
-116	188
-115	211
-114	208
-113	225
-112	214
-111	207
-110	222
-109	224
-108	231
-107	244
-106	230
-105	218
-104	215
-103	230
-102	262
-101	237
-100	246
-99	232
-98	276
-97	224
-96	246
-95	267
-94	267
-93	262
-92	223
-91	243
-90	252
-89	273
-88	272
-87	300
-86	278
-85	269
-84	272
-83	291
-82	275
-81	288
-80	293
-79	299
-78	290
-77	315
-76	308
-75	292
-74	319
-73	324
-72	320
-71	275
-70	290
-69	320
-68	303
-67	338
-66	336
-65	321
-64	318
-63	329
-62	308
-61	349
-60	352
-59	328
-58	342
-57	326
-56	361
-55	339
-54	375
-53	352
-52	368
-51	381
-50	353
-49	364
-48	369
-47	352
-46	359
-45	342
-44	371
-43	358
-42	360
-41	370
-40	362
-39	371
-38	364
-37	388
-36	366
-35	397
-34	390
-33	369
-32	351
-31	351
-30	385
-29	411
-28	402
-27	360
-26	398
-25	410
-24	383
-23	408
-22	382
-21	421
-20	390
-19	427
-18	392
-17	402
-16	405
-15	392
-14	413
-13	387
-12	425
-11	431
-10	421
-9	359
-8	424
-7	422
-6	442
-5	399
-4	404
-3	401
-2	427
-1	386
1	395
2	394
3	396
4	406
5	392
6	370
7	429
8	410
9	396
10	415
11	383
12	423
13	390
14	418
15	377
16	392
17	400
18	414
19	383
20	383
21	376
22	370
23	385
24	424
25	382
26	377
27	361
28	412
29	386
30	365
31	372
32	365
33	388
34	355
35	385
36	374
37	404
38	403
39	347
40	399
41	368
42	368
43	356
44	381
45	373
46	357
47	351
48	313
49	334
50	332
51	354
52	332
53	317
54	337
55	338
56	379
57	343
58	358
59	329
60	355
61	301
62	346
63	343
64	328
65	337
66	325
67	305
68	320
69	309
70	302
71	287
72	321
73	297
74	316
75	317
76	275
77	282
78	322
79	283
80	284
81	246
82	287
83	259
84	296
85	272
86	265
87	313
88	267
89	269
90	255
91	259
92	275
93	242
94	270
95	259
96	230
97	257
98	253
99	244
100	253
101	236
102	222
103	220
104	223
105	259
106	199
107	232
108	220
109	221
110	181
111	185
112	210
113	214
114	199
115	209
116	200
117	182
118	180
119	174
120	209
121	183
122	182
123	183
124	204
125	200
126	182
127	188
128	178
129	168
130	175
131	151
132	155
133	156
134	151
135	163
136	161
137	132
138	138
139	139
140	141
141	145
142	142
143	132
144	147
145	136
146	160
147	117
148	136
149	99
150	113
151	123
152	128
153	133
154	113
155	118
156	132
157	117
158	106
159	98
160	107
161	121
162	116
163	112
164	91
165	105
166	91
167	95
168	102
169	85
170	81
171	88
172	72
173	84
174	72
175	67
176	86
177	75
178	85
179	72
180	62
181	72
182	69
183	76
184	58
185	65
186	73
187	62
188	55
189	73
190	73
191	60
192	84
193	58
194	45
195	66
196	61
197	52
198	55
199	51
200	51
201	44
202	70
203	48
204	40
205	47
206	59
207	38
208	46
209	44
210	41
211	40
212	44
213	40
214	42
215	42
216	40
217	26
218	22
219	39
220	29
221	38
222	32
223	38
224	28
225	27
226	31
227	27
228	27
229	25
230	24
231	35
232	24
233	19
234	18
235	23
236	19
237	20
238	20
239	20
240	20
241	28
242	24
243	15
244	25
245	20
246	18
247	21
248	21
249	19
250	16
251	18
252	18
253	11
254	23
255	15
256	17
257	14
258	11
259	15
260	21
261	13
262	9
263	9
264	8
265	12
266	10
267	18
268	9
269	7
270	6
271	13
272	13
273	8
274	10
275	7
276	7
277	9
278	8
279	12
280	7
281	4
282	6
283	12
284	8
285	4
286	4
287	11
288	8
289	11
290	4
291	1
292	5
293	2
294	3
295	6
296	3
297	4
298	2
299	11
300	8
301	4
302	2
303	6
304	5
305	8
306	4
307	5
308	7
309	3
310	1
311	3
312	4
313	3
314	4
315	2
316	2
317	1
318	4
320	3
321	1
322	1
323	4
324	2
325	1
326	2
327	1
328	1
330	1
331	4
332	4
334	1
335	1
337	3
338	1
339	2
340	1
341	1
344	2
345	1
346	1
347	1
348	2
351	2
353	2
354	1
357	1
358	1
359	1
360	1
361	1
363	1
366	1
368	1
370	1
371	1
373	1
374	1
377	1
385	1
