#TIME(PASSED): 100001	3.000000K
-1208	1
-1129	1
-1087	1
-1034	1
-1026	2
-1024	1
-1023	1
-1015	1
-1012	1
-1006	1
-1003	1
-996	1
-975	1
-974	1
-969	1
-964	1
-963	2
-961	1
-960	2
-959	2
-956	1
-954	1
-953	1
-948	1
-942	1
-939	1
-926	2
-924	1
-918	3
-914	1
-912	1
-910	2
-908	1
-901	1
-900	2
-899	2
-898	1
-894	1
-891	2
-888	1
-887	1
-885	1
-883	3
-882	1
-880	2
-879	4
-878	2
-876	1
-874	1
-871	1
-868	3
-865	1
-862	1
-861	2
-858	1
-857	3
-856	2
-855	1
-853	2
-852	2
-850	1
-848	1
-847	1
-846	1
-845	1
-844	2
-843	2
-841	1
-837	1
-835	2
-834	1
-833	1
-831	2
-830	1
-829	2
-828	1
-827	1
-825	2
-824	2
-823	4
-822	1
-821	1
-819	1
-818	2
-816	2
-815	3
-814	1
-813	3
-812	4
-811	3
-810	2
-809	2
-806	2
-805	3
-804	1
-803	1
-801	1
-799	2
-798	1
-794	4
-793	2
-792	4
-791	2
-790	2
-788	1
-787	1
-786	3
-785	2
-784	1
-783	1
-782	1
-781	3
-780	2
-778	4
-777	1
-776	3
-775	2
-774	2
-773	2
-772	1
-771	2
-770	3
-769	2
-768	2
-766	2
-764	1
-763	1
-761	3
-760	3
-759	4
-758	6
-757	1
-756	1
-755	1
-754	3
-753	3
-751	5
-750	1
-749	5
-748	4
-747	5
-746	6
-745	2
-744	1
-743	2
-742	2
-741	3
-740	4
-739	2
-738	3
-737	2
-736	1
-734	2
-733	4
-732	4
-731	2
-730	9
-729	6
-728	2
-727	3
-726	4
-725	3
-724	6
-723	7
-722	4
-721	5
-720	3
-719	6
-718	4
-717	3
-716	5
-715	5
-714	6
-713	5
-712	4
-711	4
-710	4
-709	10
-708	4
-707	7
-706	4
-705	6
-704	8
-703	5
-702	3
-701	6
-700	8
-699	3
-698	4
-697	5
-696	6
-695	2
-694	5
-693	3
-692	5
-691	3
-690	7
-689	9
-688	6
-687	7
-686	7
-685	3
-684	5
-683	3
-682	8
-681	5
-680	5
-679	6
-678	6
-677	8
-676	7
-675	6
-674	6
-673	9
-672	3
-671	4
-670	6
-669	8
-668	3
-667	1
-666	1
-665	3
-664	3
-663	11
-662	7
-661	6
-660	6
-659	10
-658	9
-657	6
-656	9
-655	7
-654	7
-653	7
-652	11
-651	9
-650	8
-649	11
-648	14
-647	14
-646	1
-645	8
-644	10
-643	9
-642	12
-641	10
-640	9
-639	9
-638	10
-637	3
-636	11
-635	7
-634	6
-633	15
-632	10
-631	4
-630	9
-629	10
-628	14
-627	7
-626	7
-625	12
-624	8
-623	11
-622	7
-621	8
-620	6
-619	9
-618	11
-617	15
-616	8
-615	14
-614	8
-613	6
-612	12
-611	14
-610	6
-609	14
-608	10
-607	16
-606	11
-605	8
-604	15
-603	11
-602	16
-601	12
-600	15
-599	9
-598	11
-597	14
-596	19
-595	14
-594	14
-593	18
-592	16
-591	8
-590	18
-589	11
-588	10
-587	10
-586	16
-585	14
-584	18
-583	12
-582	11
-581	17
-580	13
-579	10
-578	13
-577	12
-576	18
-575	9
-574	3
-573	12
-572	19
-571	9
-570	10
-569	14
-568	9
-567	25
-566	14
-565	16
-564	13
-563	17
-562	26
-561	18
-560	17
-559	12
-558	15
-557	17
-556	19
-555	22
-554	16
-553	15
-552	17
-551	20
-550	17
-549	22
-548	25
-547	21
-546	15
-545	24
-544	18
-543	17
-542	26
-541	23
-540	24
-539	27
-538	18
-537	16
-536	16
-535	18
-534	24
-533	24
-532	17
-531	21
-530	21
-529	16
-528	23
-527	30
-526	17
-525	18
-524	19
-523	28
-522	21
-521	23
-520	30
-519	21
-518	16
-517	23
-516	20
-515	26
-514	25
-513	35
-512	26
-511	27
-510	25
-509	27
-508	26
-507	28
-506	31
-505	19
-504	31
-503	30
-502	21
-501	24
-500	25
-499	20
-498	31
-497	24
-496	30
-495	32
-494	24
-493	21
-492	24
-491	37
-490	26
-489	28
-488	33
-487	26
-486	38
-485	25
-484	32
-483	28
-482	27
-481	18
-480	27
-479	38
-478	27
-477	27
-476	27
-475	29
-474	36
-473	45
-472	26
-471	28
-470	25
-469	29
-468	18
-467	41
-466	36
-465	31
-464	24
-463	26
-462	42
-461	38
-460	29
-459	45
-458	26
-457	35
-456	41
-455	40
-454	29
-453	34
-452	34
-451	44
-450	35
-449	48
-448	36
-447	40
-446	29
-445	45
-444	43
-443	34
-442	46
-441	31
-440	27
-439	35
-438	42
-437	43
-436	52
-435	36
-434	35
-433	42
-432	36
-431	27
-430	48
-429	39
-428	45
-427	54
-426	38
-425	37
-424	41
-423	47
-422	48
-421	41
-420	36
-419	45
-418	60
-417	55
-416	47
-415	34
-414	42
-413	48
-412	38
-411	37
-410	50
-409	50
-408	40
-407	53
-406	51
-405	43
-404	46
-403	51
-402	54
-401	42
-400	42
-399	48
-398	51
-397	63
-396	46
-395	45
-394	39
-393	57
-392	49
-391	43
-390	35
-389	48
-388	53
-387	52
-386	58
-385	64
-384	55
-383	62
-382	52
-381	51
-380	52
-379	56
-378	60
-377	60
-376	59
-375	63
-374	55
-373	43
-372	63
-371	59
-370	64
-369	70
-368	50
-367	75
-366	60
-365	65
-364	83
-363	62
-362	62
-361	67
-360	58
-359	53
-358	52
-357	67
-356	62
-355	69
-354	50
-353	67
-352	62
-351	63
-350	69
-349	60
-348	59
-347	66
-346	53
-345	60
-344	62
-343	66
-342	81
-341	60
-340	63
-339	79
-338	71
-337	60
-336	57
-335	66
-334	84
-333	55
-332	54
-331	61
-330	76
-329	81
-328	66
-327	81
-326	78
-325	71
-324	84
-323	55
-322	81
-321	82
-320	66
-319	83
-318	86
-317	78
-316	75
-315	64
-314	77
-313	77
-312	80
-311	80
-310	61
-309	66
-308	61
-307	75
-306	76
-305	91
-304	80
-303	64
-302	77
-301	87
-300	97
-299	61
-298	84
-297	79
-296	76
-295	72
-294	90
-293	76
-292	78
-291	78
-290	75
-289	81
-288	79
-287	92
-286	78
-285	94
-284	94
-283	92
-282	91
-281	63
-280	76
-279	76
-278	75
-277	82
-276	94
-275	94
-274	87
-273	80
-272	85
-271	81
-270	117
-269	84
-268	88
-267	84
-266	100
-265	85
-264	90
-263	96
-262	93
-261	88
-260	69
-259	91
-258	103
-257	78
-256	87
-255	106
-254	96
-253	99
-252	113
-251	87
-250	99
-249	98
-248	98
-247	99
-246	115
-245	123
-244	110
-243	103
-242	86
-241	91
-240	113
-239	99
-238	99
-237	99
-236	100
-235	97
-234	113
-233	109
-232	107
-231	108
-230	98
-229	111
-228	98
-227	105
-226	102
-225	87
-224	110
-223	110
-222	105
-221	118
-220	96
-219	104
-218	99
-217	135
-216	130
-215	100
-214	112
-213	114
-212	127
-211	103
-210	116
-209	100
-208	110
-207	122
-206	133
-205	120
-204	100
-203	122
-202	125
-201	115
-200	132
-199	106
-198	106
-197	128
-196	110
-195	116
-194	104
-193	106
-192	133
-191	125
-190	105
-189	114
-188	121
-187	134
-186	118
-185	118
-184	116
-183	114
-182	140
-181	99
-180	134
-179	103
-178	130
-177	137
-176	130
-175	137
-174	122
-173	103
-172	117
-171	135
-170	106
-169	115
-168	114
-167	120
-166	134
-165	132
-164	113
-163	129
-162	126
-161	125
-160	129
-159	122
-158	116
-157	120
-156	127
-155	131
-154	135
-153	126
-152	131
-151	119
-150	139
-149	108
-148	146
-147	119
-146	156
-145	114
-144	112
-143	136
-142	143
-141	135
-140	122
-139	135
-138	130
-137	141
-136	134
-135	137
-134	126
-133	148
-132	120
-131	123
-130	108
-129	163
-128	162
-127	137
-126	139
-125	121
-124	115
-123	154
-122	115
-121	125
-120	130
-119	132
-118	126
-117	132
-116	145
-115	121
-114	136
-113	121
-112	135
-111	140
-110	131
-109	130
-108	122
-107	138
-106	158
-105	137
-104	145
-103	137
-102	153
-101	149
-100	140
-99	129
-98	148
-97	126
-96	144
-95	138
-94	123
-93	137
-92	156
-91	151
-90	152
-89	144
-88	105
-87	144
-86	150
-85	146
-84	126
-83	138
-82	159
-81	148
-80	131
-79	155
-78	137
-77	143
-76	131
-75	118
-74	135
-73	149
-72	143
-71	151
-70	151
-69	138
-68	149
-67	140
-66	152
-65	133
-64	133
-63	161
-62	121
-61	143
-60	148
-59	137
-58	147
-57	141
-56	159
-55	154
-54	151
-53	144
-52	141
-51	171
-50	146
-49	168
-48	146
-47	144
-46	149
-45	135
-44	150
-43	144
-42	166
-41	142
-40	131
-39	166
-38	145
-37	164
-36	149
-35	143
-34	144
-33	162
-32	152
-31	175
-30	121
-29	136
-28	146
-27	155
-26	147
-25	149
-24	156
-23	159
-22	147
-21	144
-20	140
-19	140
-18	147
-17	133
-16	128
-15	152
-14	135
-13	139
-12	147
-11	164
-10	144
-9	147
-8	165
-7	144
-6	136
-5	159
-4	146
-3	151
-2	161
-1	144
1	160
2	163
3	169
4	149
5	137
6	150
7	143
8	175
9	171
10	153
11	159
12	175
13	160
14	146
15	162
16	154
17	163
18	133
19	138
20	162
21	160
22	146
23	151
24	128
25	151
26	138
27	138
28	150
29	152
30	142
31	146
32	134
33	153
34	173
35	165
36	137
37	141
38	152
39	138
40	141
41	135
42	128
43	138
44	154
45	158
46	145
47	157
48	148
49	133
50	169
51	164
52	151
53	144
54	132
55	121
56	120
57	132
58	144
59	134
60	154
61	157
62	148
63	150
64	128
65	139
66	135
67	136
68	143
69	134
70	140
71	145
72	145
73	134
74	142
75	143
76	134
77	147
78	143
79	134
80	155
81	141
82	134
83	132
84	162
85	152
86	127
87	133
88	137
89	115
90	142
91	134
92	129
93	136
94	141
95	144
96	137
97	157
98	136
99	127
100	164
101	147
102	134
103	110
104	123
105	137
106	114
107	154
108	147
109	138
110	134
111	139
112	155
113	127
114	128
115	116
116	144
117	134
118	154
119	132
120	113
121	132
122	133
123	113
124	156
125	138
126	130
127	143
128	138
129	110
130	125
131	117
132	131
133	119
134	143
135	134
136	127
137	138
138	136
139	131
140	123
141	138
142	117
143	118
144	113
145	135
146	158
147	118
148	128
149	115
150	154
151	124
152	131
153	136
154	115
155	118
156	122
157	118
158	122
159	116
160	138
161	120
162	129
163	104
164	131
165	144
166	115
167	116
168	120
169	129
170	138
171	126
172	134
173	119
174	116
175	129
176	125
177	112
178	105
179	134
180	82
181	103
182	105
183	129
184	118
185	112
186	99
187	111
188	123
189	122
190	107
191	99
192	119
193	113
194	110
195	111
196	111
197	141
198	115
199	75
200	109
201	105
202	120
203	111
204	94
205	112
206	119
207	108
208	97
209	97
210	98
211	114
212	95
213	118
214	122
215	107
216	99
217	96
218	111
219	106
220	107
221	100
222	112
223	113
224	101
225	91
226	100
227	116
228	103
229	120
230	91
231	89
232	93
233	104
234	87
235	103
236	106
237	110
238	89
239	108
240	100
241	112
242	97
243	111
244	105
245	91
246	103
247	84
248	95
249	92
250	94
251	101
252	84
253	108
254	85
255	95
256	99
257	81
258	84
259	123
260	96
261	95
262	89
263	93
264	91
265	78
266	99
267	89
268	93
269	79
270	82
271	96
272	102
273	92
274	92
275	85
276	90
277	88
278	98
279	84
280	87
281	87
282	79
283	89
284	117
285	78
286	85
287	71
288	75
289	72
290	81
291	80
292	76
293	76
294	70
295	99
296	79
297	84
298	78
299	87
300	79
301	82
302	84
303	81
304	69
305	63
306	73
307	65
308	79
309	67
310	79
311	91
312	80
313	71
314	63
315	83
316	60
317	96
318	84
319	66
320	75
321	77
322	69
323	58
324	65
325	70
326	73
327	84
328	72
329	72
330	75
331	76
332	65
333	56
334	82
335	76
336	90
337	62
338	81
339	77
340	64
341	65
342	69
343	76
344	57
345	62
346	60
347	64
348	67
349	68
350	56
351	44
352	72
353	59
354	54
355	62
356	64
357	77
358	62
359	56
360	64
361	49
362	65
363	52
364	55
365	50
366	60
367	54
368	55
369	73
370	65
371	54
372	50
373	57
374	49
375	65
376	65
377	48
378	51
379	47
380	59
381	58
382	57
383	45
384	48
385	53
386	54
387	53
388	60
389	53
390	55
391	54
392	50
393	57
394	48
395	57
396	48
397	43
398	45
399	47
400	52
401	37
402	44
403	60
404	68
405	42
406	49
407	54
408	61
409	53
410	32
411	54
412	53
413	61
414	52
415	47
416	47
417	50
418	44
419	40
420	45
421	38
422	42
423	36
424	48
425	38
426	51
427	50
428	30
429	41
430	47
431	39
432	43
433	45
434	39
435	43
436	44
437	32
438	46
439	38
440	49
441	32
442	42
443	43
444	19
445	35
446	44
447	41
448	37
449	46
450	33
451	31
452	29
453	47
454	27
455	41
456	34
457	25
458	39
459	34
460	26
461	46
462	30
463	28
464	38
465	31
466	21
467	38
468	29
469	29
470	23
471	29
472	37
473	43
474	35
475	32
476	35
477	32
478	30
479	22
480	31
481	33
482	34
483	34
484	46
485	22
486	36
487	24
488	20
489	25
490	26
491	23
492	29
493	29
494	30
495	27
496	25
497	25
498	26
499	26
500	38
501	25
502	25
503	19
504	22
505	32
506	22
507	21
508	27
509	23
510	32
511	16
512	25
513	25
514	23
515	26
516	43
517	16
518	19
519	14
520	28
521	20
522	30
523	17
524	17
525	20
526	22
527	24
528	24
529	17
530	21
531	19
532	24
533	21
534	17
535	27
536	24
537	12
538	22
539	17
540	25
541	19
542	16
543	18
544	17
545	15
546	12
547	14
548	16
549	20
550	14
551	24
552	15
553	17
554	21
555	20
556	13
557	19
558	21
559	13
560	17
561	25
562	23
563	14
564	15
565	11
566	15
567	15
568	10
569	18
570	15
571	15
572	14
573	14
574	13
575	13
576	21
577	9
578	14
579	6
580	14
581	21
582	18
583	15
584	12
585	13
586	11
587	18
588	8
589	11
590	15
591	19
592	13
593	16
594	12
595	14
596	14
597	17
598	12
599	11
600	17
601	13
602	13
603	11
604	15
605	11
606	14
607	14
608	9
609	9
610	8
611	7
612	10
613	14
614	14
615	10
616	7
617	8
618	12
619	8
620	16
621	11
622	7
623	7
624	6
625	13
626	7
627	10
628	7
629	7
630	11
631	16
632	15
633	5
634	7
635	8
636	7
637	9
638	8
639	9
640	7
641	5
642	7
643	6
644	5
645	14
646	6
647	7
648	9
649	5
650	3
651	15
652	7
653	7
654	7
655	6
656	7
657	6
658	8
659	5
660	7
661	11
662	6
663	7
664	8
665	9
666	7
667	5
668	8
669	7
670	3
671	4
672	8
673	16
674	9
675	5
676	9
677	7
678	6
679	5
680	8
681	4
682	4
683	3
684	6
685	5
686	5
687	7
688	4
689	6
690	6
691	4
692	3
693	2
694	10
695	11
696	2
697	4
698	4
699	3
700	4
701	6
702	3
703	7
704	3
705	4
706	3
707	6
708	7
709	6
710	6
711	3
712	1
713	2
714	6
715	2
716	4
717	8
718	7
719	1
720	1
721	1
722	7
723	3
724	5
725	3
726	3
727	5
728	4
729	6
730	5
731	4
732	8
733	3
734	2
735	5
736	2
737	1
738	2
739	6
740	2
741	3
742	4
743	6
744	1
745	2
746	5
747	2
748	1
749	1
750	2
751	2
752	2
753	4
754	1
755	4
756	1
757	2
758	1
759	2
761	3
762	3
763	3
764	1
765	5
766	3
767	2
768	2
769	4
770	3
771	2
772	3
773	3
774	1
775	3
776	2
777	2
778	1
779	1
780	1
781	1
783	1
785	1
786	2
787	2
788	3
789	1
790	3
791	5
792	3
793	4
794	2
795	4
796	3
797	3
798	3
799	1
800	1
802	1
803	3
807	2
808	1
809	2
810	1
812	2
813	3
814	3
815	3
817	1
819	3
820	1
823	1
825	2
826	2
827	4
829	1
830	3
831	2
833	1
834	2
837	2
838	1
839	1
840	1
841	2
843	1
844	2
846	1
848	2
849	1
850	2
851	1
852	2
855	1
856	1
857	2
858	1
860	1
861	2
865	1
866	1
869	3
870	1
871	1
873	1
875	1
878	2
883	1
885	1
886	2
888	1
889	1
890	1
891	1
892	1
893	2
894	1
895	2
900	1
903	1
904	1
905	1
906	1
909	1
913	1
916	1
922	1
924	1
932	1
935	1
936	1
940	1
944	2
948	2
951	1
953	1
971	1
972	2
981	1
985	1
1009	1
1025	1
1041	1
1050	1
1056	1
1060	1
1111	1
1159	1
