Time passed: 1024	At 100.000000K
0	401
1	376
2	383
3	421
4	417
5	398
6	319
7	342
8	332
9	309
10	326
11	303
12	307
13	303
14	308
15	287
16	279
17	260
18	258
19	231
20	235
21	234
22	198
23	170
24	206
25	186
26	152
27	153
28	145
29	122
30	127
31	126
32	118
33	116
34	98
35	99
36	86
37	71
38	76
39	70
40	63
41	54
42	56
43	47
44	44
45	48
46	43
47	37
48	36
49	31
50	19
51	14
52	24
53	16
54	13
55	12
56	8
57	10
58	10
59	8
60	7
61	10
62	6
63	2
64	7
65	7
66	3
67	1
68	3
69	1
70	2
71	3
72	0
73	0
74	1
75	2
76	0
77	0
78	1
79	1
80	0
81	0
82	0
83	0
84	1
85	0
86	0
87	0
88	0
89	0
