Time passed: 8192	At 100.000000K
0	183
1	167
2	163
3	192
4	174
5	159
6	166
7	144
8	165
9	172
10	184
11	174
12	183
13	143
14	150
15	149
16	149
17	147
18	139
19	130
20	168
21	137
22	140
23	136
24	142
25	128
26	123
27	121
28	131
29	144
30	105
31	106
32	131
33	95
34	104
35	114
36	115
37	131
38	103
39	102
40	114
41	86
42	91
43	97
44	89
45	109
46	103
47	72
48	90
49	86
50	89
51	92
52	87
53	73
54	80
55	74
56	65
57	78
58	79
59	70
60	61
61	66
62	67
63	63
64	61
65	75
66	68
67	57
68	63
69	60
70	61
71	52
72	63
73	67
74	65
75	44
76	34
77	44
78	45
79	36
80	45
81	40
82	41
83	46
84	39
85	40
86	28
87	42
88	35
89	43
90	38
91	31
92	32
93	33
94	29
95	37
96	25
97	26
98	35
99	18
100	29
101	28
102	18
103	23
104	27
105	25
106	19
107	20
108	23
109	19
110	18
111	19
112	14
113	25
114	11
115	19
116	12
117	9
118	17
119	14
120	14
121	18
122	13
123	11
124	9
125	13
126	7
127	5
128	7
129	6
130	13
131	8
132	15
133	5
134	4
135	9
136	7
137	12
138	3
139	7
140	6
141	5
142	3
143	2
144	4
145	7
146	5
147	6
148	2
149	2
150	5
151	2
152	5
153	4
154	1
155	2
156	2
157	2
158	5
159	5
160	5
161	6
162	2
163	1
164	5
165	4
166	4
167	1
168	1
169	0
170	2
171	1
172	2
173	0
174	1
175	4
176	2
177	1
178	1
179	2
180	1
181	1
182	0
183	1
184	0
185	0
186	0
187	0
188	0
189	1
190	2
191	0
192	0
193	2
194	1
195	0
196	0
197	0
198	0
199	1
200	0
201	2
202	0
203	1
204	0
205	0
206	1
207	0
208	0
209	0
210	0
211	0
212	0
213	1
214	0
215	0
216	0
217	0
218	0
219	0
220	0
221	0
222	1
223	0
224	0
225	0
226	0
227	0
228	0
229	0
