Time passed: 4096	At 100.000000K
0	234
1	209
2	237
3	216
4	210
5	260
6	214
7	178
8	220
9	215
10	217
11	200
12	193
13	207
14	185
15	184
16	193
17	174
18	172
19	156
20	181
21	194
22	173
23	162
24	147
25	168
26	156
27	143
28	145
29	140
30	145
31	158
32	123
33	140
34	126
35	124
36	114
37	127
38	95
39	114
40	120
41	102
42	113
43	102
44	106
45	75
46	108
47	76
48	109
49	89
50	90
51	81
52	66
53	78
54	65
55	84
56	50
57	74
58	54
59	54
60	62
61	70
62	50
63	47
64	49
65	48
66	44
67	44
68	35
69	46
70	44
71	35
72	35
73	36
74	29
75	30
76	51
77	24
78	40
79	31
80	21
81	27
82	28
83	14
84	25
85	12
86	19
87	16
88	26
89	20
90	13
91	16
92	13
93	16
94	18
95	7
96	12
97	10
98	14
99	6
100	11
101	8
102	11
103	9
104	8
105	11
106	8
107	3
108	6
109	8
110	5
111	7
112	4
113	3
114	6
115	4
116	3
117	1
118	2
119	6
120	1
121	2
122	4
123	0
124	3
125	4
126	3
127	2
128	3
129	4
130	4
131	0
132	2
133	0
134	2
135	1
136	0
137	1
138	1
139	2
140	1
141	1
142	1
143	0
144	1
145	1
146	0
147	1
148	0
149	0
150	0
151	0
152	1
153	0
154	0
155	0
156	0
157	0
158	0
159	0
160	1
161	0
162	0
163	0
164	0
165	0
166	0
167	0
168	0
