Time passed: 131072	At 100.000000K
0	116
1	101
2	96
3	107
4	106
5	127
6	101
7	97
8	95
9	80
10	85
11	94
12	98
13	91
14	79
15	89
16	83
17	88
18	84
19	86
20	76
21	75
22	74
23	94
24	88
25	82
26	94
27	82
28	72
29	98
30	56
31	72
32	74
33	80
34	75
35	67
36	64
37	59
38	78
39	78
40	66
41	63
42	76
43	59
44	71
45	72
46	74
47	66
48	68
49	57
50	63
51	56
52	56
53	47
54	64
55	60
56	62
57	60
58	45
59	46
60	71
61	51
62	53
63	54
64	48
65	56
66	48
67	48
68	49
69	54
70	56
71	53
72	40
73	42
74	57
75	58
76	37
77	36
78	56
79	35
80	49
81	48
82	47
83	47
84	53
85	38
86	39
87	38
88	44
89	40
90	45
91	35
92	50
93	43
94	39
95	46
96	41
97	46
98	55
99	42
100	30
101	36
102	32
103	33
104	31
105	49
106	36
107	42
108	31
109	26
110	44
111	31
112	37
113	34
114	36
115	35
116	35
117	38
118	25
119	33
120	29
121	26
122	31
123	36
124	25
125	33
126	32
127	25
128	20
129	26
130	20
131	30
132	25
133	31
134	34
135	26
136	22
137	30
138	23
139	24
140	19
141	28
142	31
143	25
144	30
145	24
146	20
147	27
148	16
149	29
150	28
151	20
152	25
153	26
154	20
155	32
156	27
157	16
158	26
159	23
160	23
161	17
162	24
163	21
164	20
165	17
166	17
167	16
168	12
169	16
170	16
171	19
172	17
173	12
174	13
175	18
176	15
177	15
178	19
179	10
180	18
181	10
182	12
183	10
184	10
185	16
186	18
187	15
188	11
189	10
190	13
191	14
192	9
193	10
194	11
195	17
196	12
197	20
198	13
199	11
200	14
201	11
202	14
203	8
204	15
205	11
206	12
207	17
208	12
209	2
210	11
211	7
212	7
213	8
214	16
215	8
216	13
217	13
218	8
219	11
220	5
221	7
222	8
223	13
224	8
225	5
226	12
227	9
228	10
229	14
230	10
231	4
232	9
233	8
234	11
235	13
236	6
237	8
238	9
239	10
240	10
241	10
242	8
243	6
244	6
245	6
246	4
247	11
248	10
249	13
250	4
251	5
252	9
253	9
254	6
255	6
256	7
257	7
258	4
259	12
260	6
261	7
262	6
263	4
264	4
265	8
266	7
267	4
268	1
269	7
270	8
271	5
272	5
273	9
274	6
275	6
276	6
277	4
278	7
279	6
280	7
281	9
282	3
283	9
284	4
285	11
286	4
287	4
288	3
289	5
290	2
291	3
292	6
293	5
294	4
295	1
296	8
297	6
298	5
299	3
300	4
301	3
302	1
303	2
304	1
305	6
306	3
307	6
308	8
309	4
310	1
311	3
312	5
313	3
314	4
315	6
316	1
317	2
318	4
319	3
320	5
321	0
322	3
323	5
324	3
325	3
326	3
327	1
328	5
329	4
330	1
331	4
332	5
333	6
334	1
335	4
336	3
337	4
338	4
339	1
340	1
341	3
342	1
343	5
344	1
345	3
346	3
347	3
348	7
349	1
350	1
351	2
352	3
353	1
354	3
355	1
356	0
357	1
358	4
359	1
360	0
361	1
362	2
363	1
364	1
365	1
366	2
367	1
368	1
369	3
370	1
371	0
372	1
373	4
374	3
375	2
376	2
377	0
378	2
379	4
380	2
381	3
382	2
383	1
384	2
385	2
386	2
387	2
388	2
389	1
390	0
391	0
392	1
393	1
394	2
395	1
396	2
397	2
398	2
399	1
400	2
401	2
402	2
403	2
404	0
405	1
406	1
407	1
408	5
409	1
410	0
411	1
412	2
413	1
414	1
415	3
416	0
417	1
418	2
419	1
420	1
421	0
422	2
423	0
424	1
425	1
426	1
427	0
428	1
429	1
430	2
431	1
432	0
433	0
434	0
435	0
436	1
437	1
438	0
439	0
440	2
441	1
442	0
443	1
444	1
445	0
446	0
447	0
448	0
449	0
450	0
451	0
452	2
453	0
454	1
455	1
456	0
457	0
458	1
459	0
460	1
461	1
462	2
463	0
464	0
465	2
466	1
467	2
468	1
469	0
470	1
471	0
472	1
473	0
474	0
475	0
476	1
477	0
478	1
479	2
480	0
481	0
482	0
483	0
484	0
485	0
486	1
487	0
488	1
489	0
490	0
491	0
492	0
493	0
494	0
495	0
496	0
497	0
498	0
499	0
500	0
501	0
502	0
503	0
504	0
505	0
506	1
507	0
508	1
509	0
510	0
511	1
512	0
513	0
514	0
515	0
516	0
517	1
518	0
519	0
520	0
521	0
522	1
523	0
524	0
525	0
526	0
527	0
528	2
529	1
530	0
531	0
532	0
533	2
534	0
535	0
536	0
537	0
538	0
539	0
540	1
541	1
542	0
543	1
544	0
545	0
546	0
547	0
548	0
549	0
550	1
551	0
552	0
553	0
554	0
555	0
556	0
557	0
558	0
559	0
560	1
561	0
562	1
563	0
564	0
565	0
566	0
567	0
568	0
569	0
570	2
571	0
572	0
573	0
574	0
575	0
576	0
577	0
578	0
579	0
580	0
581	0
582	0
583	0
584	0
585	1
586	0
587	0
588	0
589	0
590	0
591	0
592	0
593	0
594	0
595	0
596	0
597	0
598	0
599	0
600	0
601	0
602	0
603	0
604	0
605	0
606	0
607	0
608	0
609	0
610	0
611	0
612	0
613	0
614	0
615	0
616	1
617	0
618	0
619	0
620	0
621	0
622	0
623	1
624	0
625	0
626	0
627	2
628	0
629	0
630	0
631	0
632	0
633	0
634	0
635	0
636	0
637	0
638	0
639	0
640	0
641	1
642	0
643	0
644	0
645	0
646	0
647	0
648	0
649	0
650	0
651	0
652	0
653	0
654	0
655	0
656	0
657	0
658	0
659	0
660	0
661	0
662	0
663	0
664	0
665	0
666	0
667	0
668	1
669	0
670	0
671	0
672	0
673	0
674	0
675	0
676	0
677	0
678	0
679	0
680	0
681	0
682	0
683	1
684	0
685	0
686	0
687	0
688	0
689	0
690	0
691	0
692	1
693	0
694	0
695	0
696	0
697	0
698	0
699	0
700	0
701	0
702	0
703	0
704	0
705	0
706	0
707	0
708	0
709	0
710	0
711	0
712	0
713	0
714	0
715	0
716	0
717	0
718	0
719	0
720	0
721	0
722	0
723	0
724	0
725	0
726	0
727	0
728	0
729	0
730	0
731	0
732	0
733	0
734	1
735	0
736	0
737	0
738	0
739	0
740	0
741	0
742	0
743	0
744	0
