Time passed: 1048576	At 100.000000K
0	90
1	98
2	113
3	91
4	70
5	101
6	113
7	84
8	80
9	91
10	102
11	90
12	79
13	78
14	61
15	86
16	74
17	88
18	86
19	98
20	85
21	89
22	67
23	97
24	82
25	80
26	69
27	79
28	63
29	73
30	70
31	86
32	59
33	65
34	64
35	69
36	76
37	68
38	64
39	68
40	69
41	70
42	65
43	54
44	69
45	64
46	55
47	71
48	59
49	60
50	65
51	54
52	58
53	59
54	56
55	66
56	49
57	60
58	50
59	56
60	58
61	54
62	57
63	50
64	43
65	53
66	43
67	52
68	37
69	48
70	49
71	50
72	53
73	58
74	47
75	56
76	51
77	55
78	44
79	55
80	40
81	57
82	45
83	51
84	46
85	55
86	35
87	43
88	41
89	54
90	51
91	41
92	48
93	37
94	38
95	31
96	48
97	33
98	38
99	42
100	36
101	34
102	34
103	48
104	35
105	28
106	36
107	31
108	36
109	38
110	35
111	42
112	37
113	24
114	28
115	36
116	37
117	23
118	32
119	27
120	31
121	30
122	32
123	31
124	28
125	29
126	24
127	27
128	27
129	37
130	26
131	30
132	28
133	20
134	27
135	31
136	29
137	27
138	24
139	27
140	27
141	30
142	25
143	23
144	27
145	30
146	18
147	21
148	20
149	14
150	22
151	21
152	15
153	26
154	20
155	21
156	26
157	20
158	18
159	21
160	13
161	14
162	13
163	17
164	25
165	19
166	11
167	18
168	16
169	15
170	14
171	16
172	21
173	21
174	16
175	20
176	23
177	24
178	15
179	18
180	10
181	15
182	14
183	16
184	18
185	7
186	17
187	12
188	11
189	14
190	17
191	18
192	12
193	16
194	13
195	17
196	8
197	9
198	16
199	12
200	17
201	7
202	16
203	5
204	7
205	12
206	19
207	18
208	12
209	11
210	13
211	19
212	8
213	9
214	14
215	3
216	10
217	10
218	9
219	12
220	12
221	11
222	11
223	4
224	11
225	12
226	10
227	5
228	10
229	10
230	8
231	14
232	14
233	6
234	7
235	9
236	18
237	2
238	6
239	12
240	6
241	7
242	10
243	9
244	6
245	12
246	5
247	9
248	13
249	10
250	7
251	5
252	7
253	4
254	6
255	7
256	10
257	10
258	10
259	4
260	8
261	11
262	3
263	6
264	7
265	4
266	9
267	12
268	9
269	7
270	7
271	9
272	6
273	6
274	6
275	5
276	4
277	5
278	8
279	5
280	3
281	13
282	6
283	7
284	3
285	7
286	5
287	8
288	6
289	6
290	7
291	5
292	10
293	5
294	4
295	6
296	5
297	3
298	6
299	9
300	10
301	7
302	6
303	6
304	8
305	5
306	6
307	5
308	3
309	2
310	5
311	1
312	6
313	1
314	5
315	7
316	5
317	7
318	4
319	4
320	7
321	4
322	1
323	2
324	1
325	3
326	1
327	3
328	5
329	1
330	8
331	2
332	4
333	9
334	4
335	3
336	1
337	5
338	4
339	3
340	6
341	1
342	2
343	4
344	1
345	2
346	3
347	2
348	4
349	2
350	2
351	5
352	3
353	5
354	2
355	2
356	1
357	4
358	2
359	3
360	3
361	7
362	2
363	2
364	1
365	1
366	2
367	2
368	6
369	1
370	5
371	6
372	7
373	0
374	6
375	2
376	4
377	3
378	2
379	3
380	3
381	2
382	1
383	1
384	1
385	1
386	1
387	3
388	2
389	2
390	5
391	3
392	0
393	1
394	2
395	2
396	3
397	2
398	1
399	5
400	1
401	2
402	1
403	1
404	0
405	1
406	1
407	2
408	0
409	3
410	2
411	3
412	3
413	0
414	1
415	0
416	0
417	3
418	2
419	1
420	3
421	2
422	1
423	2
424	0
425	0
426	0
427	1
428	1
429	1
430	1
431	1
432	1
433	2
434	0
435	0
436	1
437	1
438	1
439	1
440	1
441	3
442	2
443	1
444	0
445	2
446	1
447	1
448	1
449	0
450	1
451	1
452	1
453	2
454	1
455	1
456	0
457	1
458	2
459	2
460	1
461	0
462	1
463	2
464	0
465	0
466	1
467	3
468	2
469	1
470	1
471	1
472	1
473	0
474	1
475	2
476	2
477	2
478	1
479	1
480	1
481	0
482	0
483	0
484	1
485	3
486	1
487	0
488	0
489	2
490	2
491	1
492	2
493	0
494	1
495	0
496	2
497	2
498	1
499	0
500	0
501	2
502	0
503	1
504	1
505	0
506	0
507	0
508	1
509	1
510	1
511	0
512	1
513	1
514	0
515	1
516	0
517	1
518	0
519	0
520	0
521	0
522	2
523	0
524	1
525	0
526	1
527	1
528	1
529	0
530	0
531	1
532	0
533	0
534	0
535	0
536	0
537	1
538	0
539	0
540	0
541	0
542	0
543	0
544	0
545	0
546	1
547	0
548	0
549	0
550	0
551	0
552	0
553	0
554	0
555	1
556	0
557	0
558	1
559	0
560	0
561	0
562	0
563	0
564	1
565	0
566	0
567	0
568	1
569	0
570	0
571	0
572	0
573	0
574	0
575	0
576	1
577	0
578	0
579	0
580	1
581	0
582	0
583	1
584	0
585	2
586	1
587	0
588	1
589	0
590	1
591	1
592	1
593	0
594	0
595	0
596	0
597	1
598	0
599	0
600	0
601	0
602	0
603	0
604	0
605	0
606	0
607	0
608	0
609	0
610	0
611	0
612	0
613	0
614	1
615	0
616	0
617	0
618	0
619	0
620	2
621	0
622	1
623	0
624	0
625	0
626	0
627	0
628	0
629	1
630	0
631	0
632	0
633	0
634	0
635	0
636	0
637	0
638	0
639	0
640	0
641	0
642	1
643	0
644	1
645	0
646	0
647	0
648	0
649	0
650	0
651	0
652	0
653	1
654	0
655	0
656	1
657	0
658	0
659	0
660	0
661	0
662	0
663	0
664	0
665	2
666	0
667	0
668	1
669	0
670	0
671	2
672	0
673	0
674	1
675	1
676	0
677	0
678	0
679	0
680	0
681	0
682	0
683	0
684	0
685	0
686	0
687	0
688	0
689	0
690	0
691	0
692	0
693	0
694	0
695	0
696	0
697	0
698	0
699	0
700	0
701	0
702	0
703	0
704	0
705	0
706	0
707	0
708	0
709	0
710	0
711	0
712	0
713	0
714	0
715	0
716	0
717	0
718	0
719	0
720	0
721	0
722	0
723	0
724	0
725	0
726	0
727	0
728	0
729	0
730	1
731	0
732	0
733	0
734	0
735	1
736	0
737	0
738	0
739	0
740	1
741	0
742	0
743	0
744	0
745	0
746	0
747	0
748	0
749	0
750	0
751	0
752	0
753	0
754	0
755	0
756	0
757	0
758	0
759	0
760	0
761	0
762	0
763	0
764	0
765	0
766	0
767	0
768	0
769	0
770	0
771	0
772	0
773	0
774	0
775	0
776	0
777	0
778	0
779	1
780	0
781	0
782	0
783	0
784	0
785	0
786	0
787	0
788	0
789	0
790	0
791	0
792	0
793	0
794	0
795	0
796	0
797	0
798	0
799	0
800	0
801	0
802	0
803	0
804	0
805	0
806	0
807	0
808	0
809	0
810	0
811	0
812	0
813	1
814	0
815	0
816	0
817	0
818	0
819	0
820	0
821	0
822	0
823	0
824	0
825	0
826	0
827	0
828	0
829	0
830	0
831	0
832	0
833	0
834	0
835	1
836	0
837	0
838	0
839	0
840	0
841	0
842	0
843	0
844	0
845	0
846	0
847	0
848	0
849	0
850	0
851	0
852	0
853	0
854	0
855	0
856	0
857	0
858	0
859	0
860	0
861	0
862	0
863	0
864	0
865	0
866	0
867	0
868	0
869	0
870	0
871	1
872	0
873	0
874	0
875	0
876	1
877	0
878	0
879	0
880	0
881	0
882	0
883	0
884	0
885	0
886	0
887	0
888	0
889	0
890	0
891	0
892	0
893	0
894	0
895	0
896	0
897	0
898	0
899	0
900	0
901	0
902	0
903	0
904	0
905	0
906	0
907	0
908	0
909	0
910	0
911	0
912	0
913	0
914	0
915	0
916	0
917	0
918	0
919	0
920	0
921	0
922	0
923	0
924	0
925	0
