Time passed: 262144	At 100.000000K
0	101
1	101
2	87
3	89
4	102
5	111
6	98
7	90
8	92
9	88
10	89
11	91
12	94
13	115
14	83
15	84
16	80
17	93
18	89
19	81
20	84
21	73
22	78
23	77
24	70
25	78
26	77
27	87
28	70
29	76
30	74
31	76
32	61
33	68
34	78
35	68
36	78
37	77
38	66
39	63
40	65
41	73
42	75
43	80
44	49
45	59
46	58
47	69
48	54
49	62
50	65
51	51
52	71
53	52
54	52
55	56
56	57
57	65
58	51
59	50
60	46
61	65
62	64
63	61
64	53
65	38
66	42
67	54
68	63
69	45
70	45
71	55
72	44
73	44
74	56
75	51
76	33
77	42
78	50
79	56
80	42
81	51
82	46
83	40
84	36
85	38
86	46
87	44
88	37
89	41
90	37
91	40
92	39
93	44
94	43
95	37
96	44
97	45
98	35
99	32
100	37
101	25
102	38
103	34
104	26
105	39
106	27
107	29
108	24
109	37
110	34
111	41
112	37
113	37
114	26
115	35
116	38
117	42
118	29
119	28
120	26
121	25
122	30
123	34
124	39
125	22
126	29
127	28
128	27
129	21
130	27
131	30
132	32
133	25
134	31
135	26
136	42
137	33
138	20
139	31
140	21
141	26
142	28
143	21
144	32
145	19
146	19
147	18
148	26
149	23
150	21
151	24
152	16
153	15
154	18
155	22
156	19
157	24
158	19
159	21
160	20
161	17
162	22
163	17
164	24
165	15
166	14
167	24
168	12
169	14
170	17
171	19
172	23
173	10
174	15
175	16
176	15
177	24
178	15
179	11
180	16
181	17
182	12
183	16
184	16
185	18
186	19
187	15
188	22
189	16
190	17
191	14
192	13
193	18
194	15
195	12
196	8
197	16
198	17
199	13
200	16
201	9
202	12
203	18
204	11
205	14
206	14
207	12
208	15
209	16
210	16
211	10
212	15
213	11
214	12
215	12
216	5
217	14
218	8
219	9
220	12
221	10
222	10
223	11
224	12
225	15
226	10
227	12
228	7
229	8
230	13
231	12
232	6
233	11
234	8
235	10
236	16
237	10
238	7
239	8
240	10
241	10
242	6
243	8
244	5
245	13
246	9
247	8
248	7
249	8
250	5
251	10
252	15
253	6
254	8
255	9
256	6
257	9
258	9
259	7
260	4
261	13
262	3
263	7
264	9
265	6
266	4
267	13
268	8
269	7
270	1
271	3
272	3
273	8
274	9
275	4
276	4
277	6
278	3
279	7
280	6
281	6
282	5
283	6
284	4
285	6
286	6
287	5
288	5
289	12
290	3
291	6
292	3
293	5
294	4
295	5
296	5
297	4
298	5
299	7
300	5
301	5
302	5
303	2
304	1
305	5
306	4
307	5
308	4
309	4
310	7
311	4
312	3
313	7
314	4
315	4
316	4
317	4
318	3
319	3
320	7
321	3
322	4
323	7
324	4
325	3
326	2
327	4
328	4
329	5
330	5
331	4
332	5
333	4
334	3
335	3
336	9
337	1
338	4
339	3
340	5
341	2
342	3
343	1
344	3
345	4
346	2
347	2
348	5
349	2
350	4
351	1
352	5
353	7
354	3
355	4
356	2
357	1
358	1
359	2
360	2
361	4
362	4
363	4
364	2
365	2
366	4
367	1
368	3
369	1
370	1
371	0
372	2
373	0
374	2
375	3
376	4
377	1
378	2
379	1
380	1
381	1
382	0
383	1
384	0
385	2
386	4
387	0
388	2
389	2
390	2
391	3
392	2
393	2
394	3
395	0
396	0
397	2
398	1
399	2
400	3
401	1
402	0
403	4
404	1
405	2
406	1
407	1
408	1
409	3
410	3
411	1
412	0
413	2
414	0
415	3
416	3
417	0
418	1
419	3
420	0
421	1
422	0
423	0
424	3
425	1
426	0
427	1
428	2
429	2
430	0
431	1
432	3
433	2
434	1
435	2
436	1
437	3
438	1
439	0
440	1
441	0
442	1
443	0
444	0
445	1
446	0
447	0
448	2
449	1
450	1
451	0
452	1
453	0
454	0
455	2
456	0
457	1
458	1
459	0
460	2
461	1
462	0
463	0
464	1
465	1
466	0
467	2
468	1
469	2
470	0
471	0
472	2
473	0
474	1
475	2
476	1
477	1
478	1
479	0
480	1
481	1
482	0
483	1
484	0
485	0
486	0
487	0
488	1
489	0
490	1
491	1
492	1
493	0
494	0
495	1
496	2
497	0
498	2
499	0
500	0
501	0
502	1
503	1
504	0
505	0
506	1
507	1
508	1
509	0
510	0
511	0
512	1
513	0
514	0
515	0
516	0
517	0
518	1
519	0
520	2
521	0
522	0
523	1
524	1
525	1
526	0
527	0
528	0
529	0
530	0
531	0
532	0
533	1
534	0
535	0
536	0
537	1
538	0
539	1
540	0
541	1
542	0
543	1
544	0
545	2
546	1
547	0
548	0
549	0
550	1
551	0
552	1
553	1
554	0
555	0
556	0
557	2
558	1
559	1
560	0
561	0
562	0
563	0
564	2
565	0
566	0
567	0
568	0
569	0
570	0
571	1
572	0
573	0
574	0
575	1
576	0
577	1
578	0
579	1
580	0
581	1
582	1
583	0
584	0
585	0
586	0
587	0
588	0
589	0
590	0
591	1
592	0
593	0
594	0
595	0
596	0
597	0
598	0
599	0
600	0
601	0
602	0
603	0
604	0
605	0
606	0
607	0
608	0
609	0
610	0
611	0
612	0
613	0
614	0
615	0
616	0
617	0
618	0
619	0
620	1
621	0
622	0
623	0
624	0
625	0
626	0
627	0
628	0
629	0
630	0
631	0
632	0
633	0
634	0
635	0
636	0
637	0
638	1
639	0
640	0
641	1
642	0
643	0
644	0
645	0
646	0
647	0
648	0
649	0
650	0
651	0
652	0
653	0
654	0
655	0
656	0
657	0
658	0
659	0
660	0
661	0
662	0
663	0
664	0
665	0
666	0
667	0
668	0
669	0
670	0
671	0
672	0
673	0
674	0
675	0
676	0
677	0
678	0
679	0
680	0
681	0
682	0
683	0
684	0
685	0
686	0
687	0
688	0
689	0
690	0
691	0
692	0
693	0
694	0
695	0
696	0
697	0
698	0
699	0
700	0
701	0
702	1
703	0
704	0
705	0
706	0
707	0
708	1
709	0
710	0
711	0
712	0
713	0
714	0
715	0
716	0
717	0
718	0
719	0
720	0
721	0
722	0
723	0
724	0
725	0
726	0
727	0
728	0
729	0
730	0
731	1
732	0
733	0
734	0
735	0
736	0
737	0
738	0
739	0
740	0
741	0
742	0
743	0
744	0
745	0
746	0
747	0
748	0
749	0
750	0
751	0
752	0
753	0
754	0
755	0
756	0
757	0
758	0
759	0
760	0
761	0
762	0
763	0
764	0
765	0
766	0
767	0
768	0
769	1
770	0
771	0
772	0
773	0
774	0
775	0
776	0
777	0
778	0
779	0
780	0
781	0
782	0
783	1
784	0
