Time passed: 16384	At 100.000000K
0	157
1	130
2	148
3	154
4	128
5	148
6	136
7	136
8	134
9	139
10	136
11	122
12	145
13	143
14	138
15	115
16	134
17	145
18	121
19	124
20	113
21	110
22	126
23	126
24	113
25	98
26	100
27	104
28	114
29	104
30	90
31	104
32	86
33	111
34	82
35	108
36	83
37	107
38	102
39	94
40	83
41	83
42	89
43	106
44	84
45	77
46	74
47	76
48	74
49	83
50	73
51	75
52	83
53	82
54	61
55	70
56	79
57	86
58	65
59	54
60	71
61	64
62	63
63	58
64	77
65	56
66	62
67	60
68	56
69	55
70	73
71	69
72	70
73	59
74	52
75	53
76	67
77	54
78	60
79	50
80	39
81	44
82	49
83	53
84	41
85	34
86	40
87	53
88	40
89	38
90	43
91	43
92	45
93	37
94	43
95	46
96	34
97	38
98	44
99	34
100	33
101	40
102	35
103	41
104	26
105	28
106	24
107	24
108	26
109	30
110	35
111	37
112	28
113	31
114	34
115	21
116	30
117	30
118	34
119	29
120	25
121	24
122	25
123	22
124	24
125	25
126	25
127	21
128	20
129	28
130	23
131	17
132	13
133	14
134	18
135	16
136	19
137	22
138	9
139	19
140	7
141	16
142	11
143	12
144	8
145	15
146	15
147	16
148	14
149	7
150	17
151	11
152	8
153	11
154	12
155	11
156	11
157	5
158	14
159	16
160	8
161	12
162	11
163	9
164	11
165	5
166	11
167	5
168	5
169	3
170	5
171	5
172	9
173	5
174	4
175	5
176	4
177	3
178	5
179	6
180	7
181	6
182	6
183	5
184	3
185	6
186	5
187	3
188	3
189	4
190	2
191	2
192	5
193	2
194	5
195	5
196	5
197	3
198	3
199	5
200	3
201	3
202	3
203	0
204	2
205	5
206	1
207	6
208	1
209	3
210	2
211	0
212	2
213	2
214	2
215	1
216	1
217	1
218	5
219	3
220	4
221	0
222	2
223	4
224	0
225	0
226	1
227	1
228	0
229	2
230	2
231	2
232	3
233	1
234	1
235	1
236	0
237	0
238	5
239	1
240	1
241	1
242	0
243	0
244	0
245	0
246	1
247	0
248	0
249	0
250	0
251	2
252	0
253	1
254	0
255	0
256	1
257	0
258	0
259	0
260	0
261	0
262	2
263	0
264	0
265	0
266	0
267	0
268	0
269	1
270	0
271	0
272	0
273	1
274	0
275	0
276	0
277	0
278	0
279	0
280	0
281	0
282	0
283	0
284	0
285	0
286	0
287	0
288	0
289	0
290	0
291	0
292	0
293	0
294	0
295	0
296	0
297	0
298	0
299	0
300	0
301	0
302	0
303	0
304	0
305	0
306	0
307	0
308	0
309	0
310	0
311	1
312	0
313	0
314	0
315	0
316	0
317	0
318	0
319	0
320	0
321	0
322	0
323	0
324	0
325	0
326	0
327	0
328	1
329	0
330	0
331	0
332	0
333	0
334	0
335	0
336	0
337	0
338	0
339	0
340	0
341	0
342	0
343	0
344	0
345	0
346	0
347	0
348	0
349	0
350	0
351	0
352	0
353	0
354	0
355	0
356	0
357	0
358	0
359	0
360	0
361	0
362	0
363	0
364	0
365	0
366	0
367	0
368	0
369	0
370	0
371	0
372	0
373	0
374	0
375	0
