Time passed: 2048	At 100.000000K
0	275
1	271
2	327
3	308
4	304
5	297
6	272
7	287
8	297
9	261
10	232
11	223
12	247
13	264
14	260
15	216
16	221
17	232
18	214
19	192
20	233
21	203
22	209
23	171
24	180
25	172
26	172
27	161
28	164
29	167
30	146
31	146
32	133
33	132
34	137
35	131
36	136
37	105
38	121
39	110
40	88
41	95
42	86
43	90
44	76
45	63
46	64
47	60
48	54
49	75
50	57
51	48
52	50
53	65
54	61
55	44
56	33
57	33
58	31
59	43
60	34
61	32
62	34
63	29
64	28
65	30
66	34
67	16
68	15
69	19
70	13
71	15
72	13
73	16
74	8
75	8
76	4
77	14
78	13
79	7
80	6
81	9
82	5
83	3
84	4
85	4
86	1
87	4
88	5
89	1
90	2
91	1
92	2
93	3
94	5
95	2
96	3
97	4
98	0
99	1
100	2
101	0
102	1
103	0
104	1
105	1
106	0
107	1
