Time passed: 524288	At 100.000000K
0	99
1	97
2	106
3	104
4	97
5	88
6	98
7	101
8	104
9	88
10	77
11	78
12	72
13	106
14	85
15	83
16	78
17	86
18	92
19	75
20	94
21	86
22	77
23	88
24	70
25	76
26	65
27	66
28	67
29	70
30	65
31	75
32	69
33	83
34	64
35	74
36	62
37	62
38	78
39	67
40	63
41	64
42	70
43	88
44	73
45	62
46	68
47	77
48	63
49	55
50	58
51	66
52	67
53	53
54	48
55	63
56	44
57	45
58	56
59	44
60	62
61	47
62	49
63	44
64	53
65	79
66	66
67	54
68	49
69	45
70	52
71	57
72	49
73	43
74	42
75	47
76	40
77	51
78	44
79	40
80	46
81	50
82	44
83	51
84	29
85	46
86	41
87	42
88	32
89	35
90	47
91	38
92	31
93	42
94	42
95	32
96	49
97	39
98	32
99	34
100	34
101	40
102	39
103	26
104	44
105	39
106	41
107	30
108	28
109	30
110	25
111	35
112	27
113	35
114	27
115	33
116	31
117	34
118	34
119	20
120	31
121	27
122	27
123	27
124	26
125	32
126	35
127	31
128	23
129	38
130	27
131	29
132	30
133	31
134	30
135	21
136	22
137	26
138	18
139	20
140	24
141	25
142	20
143	30
144	25
145	24
146	24
147	21
148	24
149	26
150	27
151	16
152	21
153	17
154	24
155	24
156	21
157	28
158	22
159	20
160	15
161	19
162	22
163	22
164	23
165	12
166	19
167	21
168	21
169	32
170	28
171	15
172	20
173	18
174	20
175	22
176	14
177	23
178	16
179	15
180	19
181	14
182	14
183	15
184	19
185	15
186	10
187	15
188	18
189	11
190	14
191	18
192	13
193	17
194	22
195	13
196	11
197	14
198	10
199	12
200	13
201	14
202	10
203	16
204	15
205	18
206	11
207	14
208	15
209	12
210	12
211	10
212	12
213	8
214	16
215	14
216	9
217	13
218	10
219	19
220	9
221	6
222	7
223	10
224	10
225	12
226	12
227	8
228	12
229	11
230	16
231	14
232	10
233	12
234	7
235	7
236	4
237	7
238	5
239	4
240	10
241	10
242	6
243	9
244	6
245	8
246	6
247	5
248	10
249	6
250	10
251	7
252	10
253	7
254	10
255	10
256	8
257	11
258	6
259	10
260	7
261	4
262	10
263	7
264	6
265	6
266	6
267	13
268	9
269	8
270	5
271	5
272	8
273	8
274	3
275	6
276	8
277	7
278	10
279	5
280	8
281	3
282	3
283	5
284	4
285	9
286	7
287	4
288	5
289	3
290	7
291	11
292	5
293	2
294	5
295	6
296	5
297	4
298	3
299	3
300	4
301	2
302	7
303	5
304	1
305	2
306	6
307	1
308	6
309	7
310	7
311	1
312	5
313	2
314	3
315	1
316	5
317	7
318	2
319	2
320	1
321	4
322	4
323	3
324	3
325	3
326	3
327	3
328	2
329	4
330	6
331	4
332	4
333	4
334	10
335	2
336	3
337	5
338	4
339	3
340	2
341	3
342	2
343	2
344	3
345	2
346	1
347	3
348	3
349	3
350	5
351	5
352	4
353	3
354	2
355	3
356	5
357	6
358	2
359	1
360	2
361	2
362	2
363	3
364	4
365	4
366	2
367	0
368	0
369	1
370	3
371	5
372	2
373	1
374	2
375	2
376	2
377	2
378	2
379	3
380	2
381	2
382	0
383	1
384	0
385	3
386	2
387	2
388	4
389	4
390	0
391	1
392	2
393	1
394	2
395	1
396	2
397	2
398	1
399	2
400	2
401	2
402	1
403	1
404	2
405	5
406	1
407	2
408	2
409	0
410	1
411	2
412	1
413	1
414	2
415	2
416	1
417	3
418	4
419	2
420	0
421	0
422	1
423	6
424	2
425	1
426	4
427	1
428	0
429	1
430	3
431	2
432	1
433	1
434	1
435	4
436	0
437	1
438	1
439	1
440	0
441	1
442	1
443	0
444	1
445	2
446	1
447	1
448	1
449	1
450	0
451	0
452	0
453	2
454	1
455	1
456	1
457	0
458	1
459	0
460	2
461	0
462	1
463	0
464	0
465	0
466	3
467	1
468	2
469	2
470	0
471	3
472	2
473	3
474	1
475	1
476	0
477	0
478	1
479	2
480	1
481	2
482	0
483	0
484	1
485	1
486	2
487	2
488	0
489	0
490	0
491	0
492	2
493	0
494	0
495	1
496	0
497	1
498	0
499	1
500	0
501	1
502	1
503	0
504	1
505	0
506	0
507	1
508	1
509	0
510	1
511	1
512	0
513	1
514	0
515	0
516	0
517	2
518	0
519	0
520	0
521	1
522	1
523	0
524	0
525	1
526	1
527	1
528	0
529	0
530	1
531	0
532	1
533	1
534	1
535	0
536	0
537	0
538	1
539	0
540	1
541	0
542	1
543	1
544	1
545	0
546	0
547	1
548	1
549	1
550	0
551	0
552	2
553	0
554	0
555	0
556	1
557	0
558	0
559	0
560	0
561	0
562	0
563	1
564	0
565	0
566	0
567	0
568	0
569	0
570	1
571	0
572	1
573	0
574	0
575	1
576	1
577	0
578	3
579	1
580	0
581	1
582	1
583	0
584	0
585	0
586	0
587	2
588	0
589	0
590	0
591	0
592	0
593	1
594	0
595	0
596	0
597	0
598	0
599	2
600	0
601	0
602	0
603	1
604	0
605	0
606	0
607	1
608	0
609	0
610	0
611	0
612	0
613	0
614	0
615	0
616	0
617	1
618	0
619	0
620	0
621	0
622	0
623	0
624	0
625	1
626	1
627	0
628	0
629	1
630	1
631	0
632	0
633	0
634	0
635	0
636	1
637	0
638	0
639	0
640	0
641	0
642	0
643	0
644	0
645	0
646	0
647	0
648	0
649	0
650	0
651	0
652	0
653	0
654	0
655	0
656	0
657	0
658	0
659	0
660	0
661	1
662	0
663	0
664	0
665	0
666	0
667	0
668	0
669	0
670	0
671	0
672	0
673	0
674	0
675	0
676	0
677	0
678	1
679	0
680	0
681	0
682	0
683	0
684	0
685	0
686	0
687	0
688	1
689	0
690	0
691	0
692	0
693	0
694	0
695	2
696	0
697	0
698	0
699	0
700	0
701	0
702	0
703	0
704	0
705	0
706	0
707	0
708	0
709	0
710	0
711	0
712	0
713	0
714	0
715	0
716	0
717	0
718	0
719	0
720	0
721	0
722	0
723	0
724	0
725	0
726	0
727	0
728	0
729	0
730	0
731	0
732	0
733	0
734	0
735	0
736	0
737	0
738	0
739	0
740	0
741	0
742	1
743	0
744	0
745	0
746	0
747	0
748	0
749	0
750	0
751	0
752	0
753	0
754	0
755	0
756	1
757	0
758	0
759	0
760	0
761	0
762	0
763	0
764	0
765	0
766	0
767	0
768	0
769	0
770	0
771	0
772	0
773	0
774	0
775	0
776	1
777	0
778	0
779	0
780	0
781	0
782	0
783	0
784	0
785	0
786	0
787	0
788	1
789	0
790	0
791	0
792	0
793	0
794	0
795	0
796	0
797	0
798	0
799	0
800	0
801	0
802	0
803	0
804	0
805	0
806	0
807	0
808	0
809	0
810	0
811	1
812	0
813	0
814	0
815	0
816	0
817	0
818	0
819	0
820	0
821	0
822	0
823	0
824	0
825	0
826	0
827	0
828	0
829	0
830	0
831	0
832	0
833	0
834	0
835	0
836	0
837	0
838	0
839	0
840	0
841	0
842	0
843	0
844	0
845	0
846	0
847	0
848	0
849	0
850	0
851	0
852	0
853	0
854	0
855	0
856	0
857	0
858	1
859	0
860	0
861	0
862	0
863	0
864	0
865	0
866	0
867	0
868	0
869	0
870	0
871	0
872	0
873	0
874	0
875	0
876	0
877	0
878	0
879	0
880	0
881	0
882	0
883	0
884	0
885	0
886	0
887	0
888	0
889	0
890	0
891	0
892	0
893	0
894	0
895	0
896	0
897	0
898	0
899	0
900	0
901	0
902	0
903	0
904	0
905	0
906	0
907	0
908	0
909	0
910	0
911	0
912	0
913	0
914	0
915	0
916	0
917	0
918	0
919	0
920	0
921	0
922	0
923	0
924	0
925	0
926	0
927	0
928	0
929	0
930	0
931	0
932	0
933	0
934	0
935	0
936	0
937	1
938	0
939	0
940	0
941	0
942	0
943	0
944	0
945	0
946	0
947	0
948	0
949	0
950	0
951	0
952	0
953	0
954	0
955	0
956	0
957	0
958	0
959	0
960	0
961	0
962	0
963	0
964	0
965	0
966	0
967	0
968	0
969	0
970	0
971	0
972	0
973	0
974	0
975	0
976	0
977	0
978	0
979	0
980	0
981	0
982	0
983	0
984	0
985	0
986	0
987	0
988	0
989	0
990	0
991	0
992	0
993	0
994	0
995	0
996	0
997	0
998	0
999	0
1000	0
1001	0
1002	0
1003	0
1004	0
1005	0
1006	0
1007	0
1008	0
1009	0
1010	0
1011	0
1012	0
1013	0
1014	0
1015	0
1016	0
1017	0
1018	0
1019	0
1020	0
1021	0
1022	0
1023	0
1024	0
1025	0
1026	0
1027	0
1028	0
1029	0
1030	0
1031	0
1032	0
1033	0
1034	0
1035	0
1036	0
1037	0
1038	0
1039	0
1040	0
1041	0
1042	0
1043	0
1044	0
1045	0
1046	0
1047	0
1048	0
1049	0
1050	0
1051	0
1052	0
1053	0
1054	0
1055	0
1056	0
1057	0
1058	0
1059	0
1060	0
1061	0
1062	0
1063	0
1064	0
1065	0
1066	0
1067	0
1068	0
1069	0
1070	0
1071	0
1072	0
1073	0
1074	0
1075	0
1076	0
1077	0
1078	0
1079	0
1080	0
1081	0
1082	0
1083	0
1084	0
1085	0
1086	0
1087	0
1088	0
1089	0
1090	0
1091	0
1092	0
1093	0
1094	0
1095	0
1096	0
1097	0
1098	0
1099	0
1100	0
1101	0
1102	0
1103	0
1104	0
1105	0
1106	0
1107	0
1108	0
1109	0
1110	0
1111	0
1112	0
1113	0
1114	0
1115	0
1116	0
1117	0
1118	0
1119	0
1120	0
1121	0
1122	0
1123	0
1124	0
1125	0
1126	0
1127	0
1128	0
1129	0
1130	0
1131	0
1132	0
1133	0
1134	0
1135	0
1136	0
1137	0
1138	0
1139	0
1140	0
1141	0
1142	0
1143	0
1144	0
1145	0
1146	0
1147	0
1148	0
