Time passed: 32768	At 100.000000K
0	125
1	132
2	120
3	139
4	130
5	119
6	139
7	109
8	108
9	116
10	101
11	101
12	100
13	101
14	109
15	86
16	92
17	108
18	101
19	102
20	102
21	96
22	96
23	88
24	99
25	99
26	84
27	101
28	98
29	90
30	96
31	71
32	85
33	103
34	86
35	90
36	84
37	78
38	92
39	82
40	91
41	83
42	100
43	88
44	76
45	78
46	88
47	89
48	79
49	79
50	67
51	79
52	74
53	68
54	73
55	68
56	58
57	70
58	44
59	56
60	67
61	73
62	60
63	78
64	55
65	64
66	71
67	65
68	82
69	60
70	49
71	51
72	55
73	48
74	49
75	57
76	50
77	53
78	41
79	50
80	68
81	48
82	37
83	44
84	51
85	61
86	52
87	45
88	46
89	44
90	42
91	62
92	43
93	31
94	38
95	41
96	31
97	35
98	32
99	35
100	40
101	40
102	39
103	33
104	31
105	36
106	30
107	35
108	27
109	26
110	30
111	38
112	43
113	38
114	34
115	45
116	19
117	29
118	25
119	26
120	22
121	28
122	25
123	39
124	30
125	21
126	20
127	26
128	25
129	22
130	20
131	20
132	23
133	24
134	21
135	22
136	25
137	27
138	23
139	31
140	14
141	15
142	19
143	17
144	13
145	15
146	18
147	22
148	15
149	25
150	24
151	17
152	14
153	19
154	24
155	18
156	19
157	14
158	14
159	17
160	14
161	16
162	13
163	22
164	15
165	20
166	10
167	14
168	16
169	19
170	13
171	9
172	12
173	7
174	14
175	10
176	16
177	8
178	8
179	16
180	11
181	12
182	11
183	8
184	10
185	12
186	12
187	12
188	10
189	9
190	9
191	15
192	5
193	14
194	12
195	5
196	10
197	16
198	5
199	12
200	6
201	7
202	5
203	9
204	5
205	3
206	3
207	7
208	7
209	10
210	9
211	6
212	11
213	8
214	5
215	4
216	10
217	5
218	8
219	7
220	6
221	8
222	4
223	7
224	5
225	8
226	2
227	5
228	3
229	4
230	3
231	3
232	1
233	3
234	3
235	6
236	5
237	6
238	6
239	5
240	6
241	5
242	4
243	2
244	0
245	1
246	4
247	1
248	3
249	4
250	3
251	5
252	5
253	1
254	2
255	2
256	1
257	2
258	5
259	2
260	2
261	2
262	0
263	4
264	0
265	1
266	2
267	3
268	0
269	0
270	2
271	4
272	2
273	2
274	1
275	2
276	1
277	1
278	1
279	2
280	0
281	2
282	2
283	2
284	2
285	2
286	2
287	4
288	0
289	1
290	1
291	1
292	1
293	2
294	0
295	0
296	1
297	0
298	0
299	0
300	1
301	2
302	2
303	1
304	1
305	1
306	0
307	1
308	3
309	0
310	1
311	2
312	1
313	1
314	0
315	0
316	0
317	2
318	0
319	1
320	0
321	0
322	0
323	1
324	1
325	0
326	1
327	0
328	0
329	0
330	1
331	1
332	1
333	0
334	0
335	0
336	0
337	0
338	2
339	1
340	0
341	1
342	0
343	0
344	0
345	1
346	0
347	0
348	0
349	0
350	0
351	0
352	0
353	0
354	1
355	1
356	0
357	0
358	0
359	0
360	0
361	0
362	0
363	0
364	0
365	0
366	0
367	0
368	0
369	0
370	0
371	0
372	0
373	0
374	0
375	1
376	0
377	0
378	0
379	0
380	0
381	0
382	0
383	0
384	0
385	0
386	0
387	0
388	0
389	0
390	0
391	0
392	0
393	0
394	0
395	0
396	0
397	0
398	0
399	0
400	0
401	0
402	0
403	0
404	0
405	0
406	0
407	0
408	0
409	0
410	0
411	0
412	0
413	0
414	0
415	0
416	0
417	0
418	0
419	1
420	0
421	0
422	0
423	0
424	0
425	0
426	0
427	0
428	0
429	0
430	0
431	0
432	0
433	0
434	0
435	0
436	0
