Time passed: 65536	At 100.000000K
0	100
1	96
2	109
3	91
4	99
5	112
6	116
7	105
8	116
9	115
10	108
11	91
12	110
13	114
14	85
15	103
16	92
17	95
18	100
19	102
20	98
21	80
22	95
23	77
24	102
25	77
26	79
27	92
28	95
29	81
30	84
31	76
32	75
33	60
34	65
35	75
36	87
37	77
38	73
39	87
40	74
41	84
42	65
43	82
44	60
45	59
46	74
47	63
48	74
49	54
50	62
51	66
52	76
53	66
54	57
55	73
56	59
57	75
58	68
59	60
60	55
61	54
62	66
63	59
64	63
65	65
66	52
67	54
68	70
69	51
70	46
71	43
72	49
73	48
74	44
75	42
76	51
77	45
78	44
79	59
80	54
81	47
82	54
83	38
84	45
85	45
86	45
87	44
88	45
89	41
90	53
91	44
92	36
93	50
94	35
95	32
96	50
97	39
98	42
99	41
100	41
101	39
102	46
103	26
104	26
105	33
106	39
107	26
108	37
109	39
110	28
111	35
112	32
113	35
114	29
115	29
116	36
117	33
118	26
119	31
120	35
121	28
122	32
123	26
124	37
125	23
126	27
127	38
128	32
129	23
130	28
131	19
132	31
133	22
134	27
135	22
136	21
137	22
138	23
139	23
140	24
141	21
142	23
143	16
144	21
145	24
146	33
147	19
148	27
149	19
150	24
151	19
152	20
153	20
154	24
155	20
156	15
157	18
158	15
159	24
160	24
161	27
162	20
163	19
164	10
165	19
166	12
167	16
168	13
169	15
170	14
171	17
172	15
173	19
174	14
175	12
176	13
177	20
178	12
179	25
180	14
181	15
182	16
183	15
184	22
185	16
186	14
187	11
188	10
189	9
190	9
191	15
192	16
193	13
194	13
195	16
196	12
197	15
198	9
199	13
200	13
201	7
202	8
203	14
204	22
205	10
206	5
207	6
208	11
209	16
210	8
211	5
212	14
213	10
214	13
215	7
216	8
217	4
218	13
219	6
220	5
221	10
222	6
223	9
224	3
225	11
226	5
227	4
228	10
229	6
230	11
231	10
232	4
233	4
234	11
235	13
236	9
237	7
238	7
239	3
240	9
241	9
242	9
243	7
244	2
245	5
246	5
247	4
248	6
249	9
250	8
251	12
252	8
253	2
254	6
255	4
256	5
257	5
258	6
259	5
260	6
261	7
262	6
263	2
264	4
265	3
266	2
267	6
268	5
269	3
270	8
271	4
272	4
273	5
274	2
275	6
276	3
277	8
278	0
279	1
280	6
281	1
282	3
283	1
284	3
285	6
286	2
287	2
288	7
289	0
290	2
291	1
292	2
293	9
294	4
295	3
296	2
297	3
298	2
299	4
300	2
301	2
302	2
303	2
304	1
305	0
306	4
307	3
308	3
309	2
310	2
311	1
312	0
313	6
314	1
315	2
316	1
317	1
318	2
319	0
320	4
321	1
322	1
323	2
324	3
325	3
326	1
327	2
328	1
329	1
330	2
331	2
332	1
333	3
334	2
335	0
336	2
337	1
338	2
339	2
340	0
341	1
342	1
343	0
344	2
345	0
346	2
347	2
348	1
349	2
350	1
351	0
352	2
353	2
354	4
355	1
356	2
357	0
358	4
359	2
360	0
361	1
362	0
363	0
364	2
365	1
366	3
367	0
368	0
369	0
370	1
371	1
372	3
373	0
374	0
375	0
376	2
377	1
378	0
379	2
380	0
381	2
382	1
383	2
384	1
385	1
386	0
387	0
388	1
389	0
390	0
391	0
392	0
393	0
394	0
395	2
396	2
397	1
398	1
399	0
400	0
401	0
402	0
403	1
404	1
405	0
406	0
407	1
408	0
409	0
410	1
411	0
412	1
413	0
414	0
415	0
416	0
417	1
418	0
419	0
420	0
421	0
422	0
423	0
424	0
425	0
426	0
427	0
428	0
429	1
430	0
431	0
432	0
433	2
434	0
435	1
436	0
437	0
438	0
439	0
440	0
441	0
442	1
443	0
444	0
445	1
446	0
447	0
448	0
449	0
450	0
451	0
452	0
453	0
454	0
455	0
456	0
457	0
458	0
459	0
460	0
461	0
462	0
463	0
464	0
465	0
466	0
467	0
468	0
469	0
470	2
471	0
472	0
473	0
474	0
475	1
476	0
477	0
478	0
479	0
480	0
481	0
482	0
483	0
484	0
485	0
486	0
487	0
488	1
489	0
490	0
491	0
492	0
493	0
494	0
495	1
496	0
497	0
498	0
499	0
500	0
501	0
502	0
503	0
504	0
505	0
506	0
507	0
508	0
509	0
510	0
511	0
512	0
513	0
514	0
515	0
516	1
517	0
518	1
519	0
520	0
521	0
522	0
523	0
524	0
525	0
526	0
527	0
528	0
529	0
530	0
531	0
532	0
533	0
534	0
535	0
536	0
537	0
