#Time(Passed) : 9999	3.000000K
-391	1
-368	1
-361	1
-358	1
-346	1
-343	1
-333	1
-330	1
-323	1
-322	2
-320	1
-319	1
-318	1
-316	1
-315	1
-314	1
-313	2
-312	1
-311	1
-308	1
-307	1
-305	1
-302	1
-301	1
-300	2
-298	1
-295	1
-294	2
-292	2
-291	1
-290	1
-289	1
-287	1
-286	1
-285	2
-284	2
-283	3
-282	3
-281	2
-280	1
-279	2
-278	1
-277	2
-276	5
-275	1
-274	1
-273	2
-272	1
-271	3
-270	1
-269	4
-268	5
-267	2
-266	6
-265	6
-264	2
-263	4
-261	2
-260	10
-259	6
-258	2
-257	2
-256	3
-255	5
-254	5
-253	5
-252	11
-251	9
-250	5
-249	3
-248	5
-247	10
-246	8
-245	8
-244	7
-243	6
-242	8
-241	9
-240	6
-239	8
-238	5
-237	9
-236	13
-235	11
-234	12
-233	13
-232	11
-231	8
-230	11
-229	12
-228	8
-227	15
-226	9
-225	8
-224	14
-223	21
-222	12
-221	11
-220	14
-219	11
-218	22
-217	14
-216	18
-215	22
-214	23
-213	27
-212	24
-211	18
-210	26
-209	20
-208	33
-207	24
-206	22
-205	24
-204	32
-203	29
-202	23
-201	26
-200	33
-199	35
-198	33
-197	24
-196	21
-195	43
-194	37
-193	31
-192	35
-191	29
-190	43
-189	44
-188	33
-187	37
-186	32
-185	39
-184	41
-183	38
-182	46
-181	50
-180	41
-179	55
-178	47
-177	55
-176	60
-175	65
-174	55
-173	56
-172	45
-171	71
-170	68
-169	56
-168	59
-167	64
-166	80
-165	71
-164	57
-163	56
-162	75
-161	73
-160	97
-159	74
-158	77
-157	79
-156	92
-155	106
-154	98
-153	81
-152	95
-151	87
-150	94
-149	96
-148	119
-147	112
-146	114
-145	96
-144	112
-143	130
-142	105
-141	120
-140	134
-139	111
-138	139
-137	131
-136	127
-135	127
-134	132
-133	125
-132	148
-131	155
-130	154
-129	145
-128	139
-127	141
-126	161
-125	157
-124	156
-123	164
-122	178
-121	162
-120	178
-119	167
-118	165
-117	177
-116	191
-115	188
-114	177
-113	202
-112	210
-111	228
-110	204
-109	205
-108	223
-107	198
-106	224
-105	245
-104	246
-103	215
-102	204
-101	264
-100	236
-99	222
-98	231
-97	279
-96	229
-95	223
-94	252
-93	259
-92	264
-91	285
-90	265
-89	240
-88	245
-87	287
-86	263
-85	253
-84	270
-83	276
-82	299
-81	323
-80	300
-79	299
-78	302
-77	319
-76	327
-75	377
-74	317
-73	325
-72	331
-71	338
-70	361
-69	344
-68	342
-67	309
-66	370
-65	318
-64	378
-63	342
-62	329
-61	340
-60	355
-59	344
-58	365
-57	414
-56	377
-55	395
-54	425
-53	397
-52	380
-51	363
-50	380
-49	406
-48	383
-47	398
-46	396
-45	394
-44	377
-43	427
-42	427
-41	467
-40	464
-39	465
-38	414
-37	423
-36	399
-35	379
-34	444
-33	433
-32	436
-31	400
-30	490
-29	417
-28	445
-27	441
-26	424
-25	429
-24	426
-23	454
-22	473
-21	442
-20	450
-19	448
-18	469
-17	518
-16	475
-15	481
-14	457
-13	482
-12	487
-11	474
-10	472
-9	451
-8	449
-7	463
-6	455
-5	462
-4	466
-3	464
-2	445
-1	466
1	459
2	436
3	468
4	411
5	449
6	480
7	481
8	481
9	467
10	467
11	493
12	449
13	483
14	499
15	472
16	474
17	455
18	464
19	468
20	480
21	467
22	504
23	424
24	489
25	463
26	474
27	451
28	459
29	435
30	425
31	419
32	463
33	442
34	466
35	430
36	451
37	430
38	426
39	405
40	418
41	460
42	423
43	401
44	429
45	443
46	433
47	398
48	395
49	398
50	351
51	408
52	388
53	369
54	376
55	398
56	397
57	382
58	407
59	388
60	363
61	380
62	371
63	306
64	353
65	391
66	316
67	367
68	357
69	346
70	348
71	342
72	338
73	353
74	320
75	300
76	342
77	331
78	303
79	298
80	334
81	282
82	318
83	284
84	287
85	289
86	300
87	295
88	259
89	246
90	244
91	261
92	288
93	271
94	210
95	248
96	244
97	224
98	216
99	238
100	244
101	255
102	258
103	220
104	207
105	230
106	219
107	191
108	190
109	194
110	196
111	200
112	218
113	176
114	198
115	181
116	178
117	159
118	169
119	154
120	165
121	176
122	175
123	159
124	170
125	166
126	155
127	154
128	137
129	132
130	141
131	134
132	146
133	123
134	165
135	138
136	121
137	124
138	103
139	132
140	113
141	111
142	113
143	92
144	116
145	118
146	112
147	99
148	99
149	95
150	113
151	98
152	89
153	89
154	97
155	90
156	90
157	82
158	83
159	88
160	70
161	80
162	68
163	89
164	54
165	70
166	58
167	68
168	73
169	68
170	69
171	72
172	49
173	61
174	53
175	65
176	58
177	53
178	56
179	60
180	35
181	56
182	42
183	37
184	46
185	57
186	45
187	38
188	31
189	36
190	42
191	30
192	37
193	35
194	22
195	25
196	35
197	36
198	19
199	32
200	28
201	27
202	25
203	22
204	31
205	31
206	23
207	19
208	16
209	18
210	21
211	14
212	22
213	25
214	17
215	17
216	12
217	16
218	21
219	14
220	20
221	21
222	18
223	21
224	8
225	13
226	21
227	15
228	10
229	13
230	7
231	6
232	7
233	10
234	10
235	10
236	7
237	9
238	3
239	10
240	7
241	15
242	7
243	7
244	6
245	6
246	5
247	4
248	5
249	10
250	7
251	8
252	7
253	6
254	7
255	5
256	5
257	8
258	4
259	3
260	5
261	5
262	2
263	3
264	6
265	3
266	4
267	3
268	6
269	3
270	1
271	2
272	1
273	3
274	3
275	3
276	3
277	2
278	1
279	3
280	3
281	3
282	3
283	2
284	2
285	1
286	2
289	2
292	1
293	1
294	3
295	1
297	1
298	1
299	1
303	1
304	1
305	1
306	1
308	2
309	2
310	1
313	2
315	1
318	3
321	1
323	1
328	1
347	1
350	1
362	1
398	1
