Time passed: 1048576	At 100.000000K
0	0
1	106
2	198
3	309
4	408
5	465
6	564
7	637
8	888
9	819
10	890
11	1188
12	1188
13	1079
14	1218
15	1395
16	1616
17	1666
18	1296
19	1767
20	1660
21	1470
22	1892
23	1909
24	1560
25	1225
26	1924
27	2241
28	1820
29	2204
30	1770
31	2573
32	2240
33	2079
34	2584
35	2800
36	2376
37	2442
38	2736
39	2769
40	2720
41	2665
42	3066
43	3010
44	2992
45	3060
46	3128
47	2538
48	2880
49	3381
50	3050
51	2958
52	3796
53	2703
54	3240
55	3960
56	3304
57	3192
58	3132
59	4307
60	3180
61	3538
62	2976
63	2961
64	3008
65	4485
66	3564
67	3886
68	4420
69	2967
70	3150
71	2698
72	3744
73	2336
74	3330
75	3525
76	3420
77	3311
78	4134
79	4029
80	3600
81	2754
82	3198
83	3403
84	3528
85	3995
86	4300
87	3393
88	2904
89	3649
90	3690
91	3276
92	2576
93	3162
94	3854
95	2470
96	4896
97	3977
98	3430
99	4554
100	2500
101	3838
102	3570
103	3193
104	3848
105	4095
106	3816
107	3210
108	2592
109	2834
110	3410
111	3663
112	4032
113	4520
114	3648
115	3565
116	4408
117	3159
118	3422
119	4879
120	3240
121	3872
122	3172
123	3690
124	2852
125	3125
126	3528
127	2921
128	4352
129	2838
130	4940
131	3799
132	3432
133	4655
134	2948
135	4320
136	3672
137	3288
138	3864
139	4031
140	4340
141	2679
142	2272
143	2431
144	4032
145	3190
146	3504
147	2646
148	2664
149	2533
150	3600
151	3322
152	3344
153	3825
154	2464
155	4030
156	3744
157	2669
158	2212
159	3180
160	3040
161	3864
162	2592
163	4401
164	3444
165	2805
166	3486
167	3340
168	2352
169	4732
170	1530
171	3249
172	2408
173	2422
174	4872
175	3325
176	2640
177	4425
178	3560
179	2685
180	2520
181	3258
182	3276
183	2928
184	4048
185	2775
186	2976
187	1870
188	3572
189	3402
190	3040
191	4011
192	1920
193	1544
194	3686
195	1950
196	2352
197	1970
198	1980
199	2786
200	3000
201	1608
202	2424
203	1827
204	1224
205	3075
206	1030
207	2277
208	3120
209	2508
210	2310
211	3165
212	2120
213	2556
214	1712
215	2795
216	2592
217	1953
218	3052
219	1533
220	2200
221	1768
222	1776
223	1338
224	1792
225	2475
226	2034
227	3405
228	2964
229	1603
230	2530
231	2772
232	1856
233	2563
234	936
235	1645
236	2124
237	2607
238	1666
239	2390
240	3360
241	1687
242	3146
243	1458
244	2440
245	2205
246	1230
247	1976
248	992
249	1245
250	2250
251	3263
252	2016
253	1265
254	2794
255	2295
256	2816
257	1285
258	1032
259	1813
260	3380
261	1566
262	2358
263	2367
264	1848
265	1590
266	2128
267	1869
268	804
269	3497
270	1350
271	2168
272	1360
273	1365
274	1644
275	1650
276	1380
277	2493
278	1946
279	1953
280	3080
281	2810
282	846
283	1415
284	2556
285	855
286	2002
287	287
288	2016
289	578
290	2030
291	582
292	876
293	1465
294	588
295	1180
296	2368
297	891
298	1192
299	2093
300	2400
301	1505
302	1208
303	1212
304	1216
305	610
306	918
307	614
308	1232
309	1545
310	1860
311	933
312	624
313	626
314	3140
315	2205
316	948
317	1268
318	1590
319	1595
320	1920
321	2247
322	644
323	1615
324	2268
325	650
326	1630
327	654
328	656
329	1974
330	1320
331	993
332	332
333	1332
334	1336
335	335
336	1344
337	1011
338	1014
339	1356
340	1360
341	1023
342	3078
343	2401
344	1032
345	1380
346	346
347	347
348	348
349	1047
350	700
351	702
352	704
353	1765
354	1416
355	710
356	712
357	1071
358	358
359	718
360	720
361	722
362	724
363	726
364	364
365	365
366	1464
367	0
368	736
369	738
370	740
371	371
372	0
373	1119
374	748
375	375
376	1128
377	754
378	1134
379	758
380	1140
381	381
382	764
383	383
384	1920
385	1155
386	772
387	387
388	388
389	778
390	780
391	782
392	784
393	1179
394	788
395	395
396	1584
397	1191
398	398
399	399
400	400
401	401
402	1206
403	0
404	1212
405	810
406	406
407	0
408	816
409	0
410	0
411	411
412	0
413	826
414	1242
415	415
416	416
417	417
418	1672
419	838
420	840
421	0
422	422
423	423
424	848
425	425
426	426
427	854
428	0
429	429
430	0
431	862
432	0
433	866
434	434
435	435
436	872
437	0
438	438
439	439
440	440
441	882
442	0
443	886
444	0
445	0
446	446
447	0
448	448
449	0
450	0
451	0
452	0
453	0
454	0
455	0
456	912
457	457
458	458
459	459
460	460
461	922
462	924
463	0
464	928
465	0
466	0
467	467
468	0
469	469
470	0
471	0
472	944
473	0
474	0
475	475
476	476
477	0
478	478
479	0
480	480
481	0
482	0
483	483
484	1452
485	485
486	972
487	0
488	488
489	0
490	0
491	491
492	492
493	0
494	494
495	2475
496	0
497	497
498	0
499	0
500	0
501	501
502	502
503	1006
504	504
505	0
506	0
507	507
508	508
509	509
510	510
511	511
512	512
513	0
514	0
515	0
516	0
517	0
518	0
519	0
520	0
521	0
522	522
523	0
524	0
525	0
526	0
527	0
528	0
529	529
530	0
531	0
532	1064
533	1066
534	0
535	1070
536	536
537	0
538	0
539	0
540	0
541	541
542	0
543	543
544	0
545	545
546	1092
547	547
548	548
549	0
550	550
551	0
552	552
553	0
554	554
555	0
556	0
557	557
558	558
559	0
560	0
561	0
562	0
563	0
564	0
565	0
566	566
567	0
568	0
569	0
570	0
571	0
572	0
573	0
574	0
575	575
576	576
577	577
578	578
579	579
580	0
581	0
582	0
583	583
584	584
585	585
586	0
587	0
588	0
589	0
590	1180
591	0
592	0
593	0
594	1188
595	595
596	596
597	0
598	0
599	0
600	0
601	0
602	0
603	0
604	0
605	0
606	0
607	0
608	0
609	0
610	0
611	0
612	0
613	0
614	0
615	1230
616	0
617	0
618	0
619	0
620	0
621	0
622	622
623	1246
624	0
625	0
626	0
627	0
628	628
629	0
630	630
631	0
632	0
633	0
634	0
635	635
636	0
637	0
638	0
639	0
640	0
641	0
642	0
643	0
644	0
645	645
646	0
647	0
648	0
649	0
650	0
651	0
652	652
653	0
654	0
655	0
656	0
657	0
658	0
659	0
660	0
661	0
662	0
663	0
664	0
665	0
666	0
667	0
668	0
669	0
670	0
671	0
672	0
673	0
674	674
675	0
676	0
677	0
678	0
679	0
680	0
681	0
682	0
683	0
684	0
685	0
686	0
687	0
688	0
689	0
690	0
691	691
692	0
693	0
694	0
695	0
696	696
697	0
698	0
699	0
700	0
701	0
702	0
703	0
704	0
705	0
706	0
707	0
708	0
709	0
710	0
711	0
712	0
713	0
714	0
715	715
716	0
717	0
718	0
719	0
720	0
721	0
722	722
723	0
724	0
725	0
726	726
727	0
728	0
729	0
730	0
731	0
732	732
733	0
734	0
735	0
736	0
737	0
738	0
739	739
740	0
741	0
742	0
743	0
744	0
745	0
746	0
747	0
748	0
749	0
750	0
751	0
752	0
753	0
754	0
755	0
756	0
757	0
758	0
759	0
760	760
761	0
762	0
763	0
764	0
765	0
766	0
767	0
768	0
769	0
770	0
771	0
772	0
773	0
774	0
775	775
776	0
777	0
778	0
779	0
780	0
781	0
782	0
783	0
784	0
785	0
786	0
787	0
788	0
789	0
790	0
791	0
792	0
793	0
794	0
795	0
796	0
797	0
798	0
799	0
800	0
801	0
802	0
803	0
804	0
805	0
806	0
807	0
808	0
809	0
810	0
811	0
812	0
813	0
814	0
815	0
816	0
817	0
818	0
819	0
820	0
821	0
822	0
823	0
824	0
825	0
826	0
827	0
828	0
829	0
830	0
831	0
832	0
833	0
834	0
835	0
836	0
837	0
838	0
839	0
840	0
841	0
842	0
843	0
844	0
845	0
846	0
847	0
848	0
849	0
850	0
851	0
852	0
853	0
854	0
855	0
856	0
857	0
858	0
859	0
860	0
861	0
862	0
863	0
864	0
865	0
866	0
867	0
868	0
869	0
870	0
871	0
872	0
873	0
874	0
875	0
876	0
877	0
878	0
879	0
880	0
881	0
882	0
883	0
884	0
885	0
886	0
887	0
888	0
889	0
890	0
891	0
892	0
893	0
894	0
895	0
896	0
897	0
898	0
899	0
900	0
901	0
902	0
903	0
904	0
905	0
906	0
907	0
908	0
909	0
910	0
911	911
912	0
913	0
914	0
915	0
916	0
917	0
918	0
919	0
920	0
921	0
922	0
923	0
924	0
925	0
926	0
927	0
928	0
929	0
930	0
931	0
932	0
933	0
934	0
935	0
936	0
937	0
938	0
939	0
940	0
941	0
942	0
943	0
944	0
945	0
946	0
947	0
948	0
949	0
950	0
951	0
952	0
953	0
954	0
955	0
956	0
957	0
958	0
959	0
960	0
961	0
962	0
963	0
964	0
965	0
966	0
967	0
968	0
969	0
970	0
971	0
972	0
973	0
974	0
975	0
976	0
977	0
978	0
979	0
980	0
981	0
982	0
983	0
984	0
985	0
986	0
987	0
988	0
989	0
990	0
991	0
992	0
993	0
994	0
995	0
996	0
997	0
998	0
999	0
1000	0
1001	0
1002	0
1003	0
1004	0
1005	0
1006	0
1007	0
1008	0
1009	0
1010	0
1011	0
1012	0
1013	0
1014	0
1015	0
1016	0
1017	0
1018	0
1019	0
1020	0
1021	0
1022	0
1023	0
1024	0
1025	0
1026	0
1027	0
1028	0
1029	0
1030	0
1031	0
1032	0
1033	0
1034	0
1035	0
1036	0
1037	0
1038	0
1039	0
1040	0
1041	0
1042	0
1043	0
1044	0
1045	0
1046	0
1047	0
1048	0
1049	0
1050	0
1051	0
1052	0
1053	0
1054	0
1055	0
1056	0
1057	0
1058	0
1059	0
1060	0
1061	0
1062	0
1063	0
1064	0
1065	0
1066	0
1067	0
1068	0
1069	0
1070	0
1071	0
1072	0
1073	0
1074	0
1075	0
1076	0
1077	0
1078	0
1079	0
1080	0
1081	0
1082	0
1083	0
1084	0
1085	0
1086	0
1087	0
1088	0
1089	0
1090	0
1091	0
1092	0
1093	0
1094	0
1095	0
1096	0
1097	0
1098	0
1099	0
1100	0
1101	0
1102	0
1103	0
1104	0
1105	0
1106	0
1107	0
1108	0
1109	0
1110	0
1111	0
1112	0
1113	0
1114	0
1115	0
1116	0
1117	0
1118	0
1119	0
1120	0
1121	0
1122	0
1123	0
1124	0
1125	0
1126	0
1127	0
1128	0
1129	0
1130	0
1131	0
1132	0
