Time passed: 2048	At 100.000000K
0	0
1	297
2	598
3	897
4	1228
5	1435
6	1614
7	1925
8	2112
9	2457
10	2500
11	2640
12	3048
13	3081
14	3066
15	3750
16	3728
17	4369
18	3708
19	4142
20	4460
21	4242
22	4400
23	4186
24	4416
25	4525
26	3848
27	4023
28	4620
29	4814
30	4710
31	4743
32	3840
33	4356
34	4556
35	3500
36	4500
37	4218
38	4028
39	4134
40	4520
41	4469
42	3906
43	3569
44	4048
45	3510
46	3036
47	3478
48	3264
49	2940
50	2300
51	2805
52	3380
53	2385
54	2808
55	2805
56	2016
57	2280
58	2088
59	2006
60	1680
61	1464
62	1674
63	1575
64	1152
65	1235
66	858
67	1340
68	1632
69	1380
70	1260
71	923
72	360
73	1095
74	666
75	600
76	608
77	1001
78	702
79	1027
80	560
81	567
82	328
83	664
84	756
85	255
86	344
87	174
88	352
89	178
90	180
91	273
92	92
93	279
94	188
95	190
96	192
97	194
98	0
99	99
100	100
101	101
102	204
103	0
104	0
105	105
106	0
107	107
108	0
109	109
110	0
111	0
112	0
113	0
114	0
115	0
116	0
117	117
118	118
119	0
120	120
121	0
