Time passed: 8192	At 100.000000K
0	0
1	171
2	344
3	489
4	704
5	850
6	972
7	1204
8	1232
9	1359
10	1800
11	1694
12	1944
13	2132
14	2142
15	2295
16	2560
17	2788
18	2556
19	2736
20	2960
21	3045
22	2882
23	3588
24	3192
25	3450
26	3302
27	3942
28	3360
29	3915
30	3720
31	3534
32	3712
33	3564
34	4012
35	3535
36	4644
37	3034
38	3876
39	3900
40	3720
41	3772
42	4200
43	3698
44	4532
45	4410
46	5198
47	4747
48	4272
49	3920
50	4350
51	4488
52	4680
53	4293
54	4428
55	4620
56	3752
57	3591
58	3886
59	5192
60	4140
61	4148
62	4712
63	3843
64	4096
65	3705
66	4422
67	4355
68	3400
69	4278
70	4760
71	3124
72	3600
73	3650
74	3774
75	3225
76	4560
77	4312
78	4134
79	3792
80	2960
81	3078
82	3362
83	3237
84	2856
85	3400
86	3354
87	2958
88	2816
89	3560
90	2880
91	2548
92	2760
93	2976
94	2444
95	1995
96	2784
97	2328
98	1960
99	2475
100	1600
101	2727
102	2448
103	2163
104	2288
105	2730
106	1908
107	1712
108	1944
109	2289
110	2530
111	2109
112	2016
113	2260
114	1482
115	2760
116	1392
117	1989
118	1652
119	2856
120	2280
121	1573
122	1586
123	1476
124	496
125	1125
126	1008
127	889
128	896
129	1290
130	650
131	1703
132	528
133	798
134	1876
135	1080
136	408
137	822
138	276
139	973
140	280
141	1692
142	568
143	1001
144	144
145	870
146	730
147	588
148	740
149	1192
150	150
151	302
152	304
153	459
154	924
155	155
156	468
157	628
158	316
159	318
160	1280
161	322
162	324
163	163
164	164
165	495
166	498
167	501
168	336
169	169
170	340
171	513
172	172
173	0
174	522
175	350
176	352
177	0
178	178
179	179
180	180
181	0
182	364
183	0
184	184
185	370
186	0
187	187
188	0
189	189
190	380
191	0
192	192
193	0
194	194
195	0
196	0
197	0
198	198
199	199
200	0
201	0
202	0
203	0
204	0
205	0
206	0
207	0
208	208
209	0
210	0
211	0
212	0
213	0
214	0
215	0
216	0
217	0
218	218
219	0
220	0
221	0
222	222
223	0
224	0
