Time passed: 512	At 100.000000K
0	0
1	543
2	1056
3	1605
4	1940
5	2490
6	2778
7	3227
8	3648
9	4014
10	4140
11	4235
12	4128
13	4459
14	4228
15	4395
16	4656
17	4794
18	4392
19	4180
20	3780
21	4095
22	3806
23	3680
24	3192
25	3475
26	2964
27	2457
28	2436
29	2552
30	2160
31	2325
32	1824
33	1782
34	1904
35	1295
36	1008
37	1073
38	912
39	663
40	360
41	656
42	252
43	903
44	132
45	315
46	460
47	188
48	288
49	98
50	150
51	102
52	104
53	106
54	54
55	165
56	112
57	171
58	0
59	0
60	60
61	0
62	0
63	0
64	0
65	0
