Time passed: 262144	At 100.000000K
0	0
1	88
2	194
3	294
4	348
5	445
6	588
7	728
8	776
9	882
10	1070
11	814
12	972
13	1196
14	1260
15	1245
16	1296
17	1445
18	1548
19	1577
20	1540
21	1638
22	1958
23	1564
24	2208
25	1900
26	2028
27	2052
28	1932
29	2320
30	2100
31	2139
32	2368
33	2046
34	2550
35	2415
36	2340
37	1998
38	3344
39	2418
40	3000
41	2952
42	3024
43	3268
44	3784
45	2655
46	2024
47	2820
48	2736
49	2891
50	3050
51	3366
52	2860
53	3816
54	3240
55	3025
56	2856
57	4161
58	3480
59	2950
60	2940
61	3233
62	3410
63	3339
64	3456
65	3510
66	3960
67	3015
68	4216
69	4071
70	3430
71	4402
72	4032
73	3796
74	3552
75	4575
76	2432
77	3619
78	3744
79	3160
80	4400
81	3483
82	4100
83	3901
84	3192
85	3230
86	2666
87	4263
88	3784
89	3560
90	4680
91	3731
92	3404
93	4278
94	3572
95	5130
96	3264
97	3783
98	3038
99	3861
100	4000
101	3030
102	4386
103	4429
104	5512
105	4830
106	3180
107	3638
108	3456
109	2943
110	3410
111	3552
112	3920
113	1921
114	3306
115	3680
116	3364
117	3510
118	2714
119	3570
120	3480
121	3630
122	4026
123	2706
124	3720
125	3375
126	2772
127	5080
128	3968
129	3741
130	2730
131	2358
132	3960
133	2128
134	3886
135	3375
136	3944
137	3699
138	3864
139	3614
140	3640
141	3807
142	2840
143	3289
144	2448
145	5365
146	4088
147	4116
148	3256
149	4470
150	3900
151	2567
152	4104
153	2448
154	2310
155	2480
156	4056
157	3297
158	2686
159	1908
160	3040
161	2737
162	4860
163	3423
164	2952
165	3960
166	1992
167	3841
168	2016
169	2535
170	3910
171	2565
172	1548
173	2768
174	2958
175	4200
176	2816
177	2478
178	2314
179	3401
180	2160
181	2353
182	2548
183	3294
184	2944
185	1850
186	2046
187	2805
188	1692
189	2457
190	1330
191	1146
192	3072
193	2702
194	3492
195	3120
196	2156
197	1773
198	2970
199	1990
200	2600
201	3417
202	3636
203	2436
204	1836
205	2665
206	1030
207	2484
208	1872
209	1463
210	3360
211	2743
212	2544
213	1491
214	1926
215	3655
216	3240
217	2821
218	2398
219	3285
220	3080
221	3757
222	2664
223	2007
224	2464
225	1800
226	3842
227	2043
228	1140
229	1603
230	2760
231	3003
232	928
233	2330
234	1404
235	2820
236	2360
237	3318
238	3094
239	2629
240	3360
241	1446
242	1936
243	1701
244	2196
245	1225
246	984
247	3211
248	1488
249	1743
250	2500
251	1757
252	2016
253	2277
254	2540
255	1785
256	2048
257	2313
258	2580
259	1813
260	2340
261	261
262	1310
263	2630
264	1848
265	1325
266	1064
267	1335
268	1876
269	1076
270	810
271	2439
272	1088
273	3003
274	822
275	1650
276	3036
277	2493
278	1390
279	558
280	1960
281	1405
282	846
283	2264
284	1136
285	1425
286	1144
287	1722
288	2592
289	289
290	1450
291	1164
292	1460
293	1465
294	1470
295	2065
296	2664
297	1188
298	1192
299	1196
300	2100
301	1806
302	906
303	606
304	1520
305	1525
306	2142
307	2149
308	1540
309	1854
310	2790
311	1555
312	1248
313	1252
314	942
315	1260
316	1264
317	317
318	636
319	1595
320	1600
321	963
322	322
323	323
324	1296
325	975
326	978
327	654
328	984
329	987
330	660
331	662
332	2324
333	999
334	1336
335	335
336	672
337	1348
338	676
339	678
340	1700
341	1364
342	342
343	1372
344	0
345	2415
346	1730
347	1041
348	696
349	349
350	1400
351	702
352	704
353	1412
354	1062
355	1775
356	356
357	2856
358	358
359	1077
360	0
361	361
362	724
363	2178
364	364
365	730
366	1098
367	734
368	0
369	1107
370	1110
371	0
372	744
373	1492
374	374
375	1875
376	1128
377	0
378	1512
379	1516
380	760
381	381
382	382
383	383
384	0
385	770
386	386
387	0
388	388
389	389
390	1170
391	391
392	392
393	786
394	0
395	395
396	1188
397	397
398	1194
399	399
400	800
401	401
402	0
403	1612
404	404
405	1620
406	812
407	1221
408	1224
409	409
410	1230
411	0
412	824
413	413
414	1242
415	1245
416	416
417	0
418	0
419	838
420	0
421	421
422	0
423	846
424	1696
425	850
426	426
427	854
428	428
429	429
430	1720
431	431
432	0
433	433
434	868
435	435
436	0
437	0
438	1314
439	439
440	1760
441	882
442	442
443	443
444	0
445	0
446	446
447	0
448	0
449	449
450	0
451	0
452	452
453	453
454	0
455	455
456	0
457	457
458	0
459	0
460	460
461	461
462	924
463	0
464	464
465	0
466	0
467	467
468	936
469	469
470	0
471	942
472	472
473	0
474	474
475	950
476	1904
477	477
478	0
479	0
480	0
481	0
482	0
483	1932
484	484
485	0
486	0
487	487
488	0
489	978
490	0
491	491
492	0
493	986
494	0
495	0
496	992
497	0
498	498
499	499
500	500
501	0
502	0
503	0
504	0
505	0
506	506
507	0
508	0
509	0
510	0
511	0
512	0
513	513
514	0
515	0
516	1032
517	0
518	0
519	1557
520	0
521	0
522	0
523	0
524	524
525	0
526	526
527	0
528	0
529	529
530	0
531	531
532	532
533	0
534	0
535	1070
536	0
537	0
538	538
539	0
540	0
541	0
542	542
543	0
544	0
545	0
546	0
547	0
548	0
549	0
550	0
551	0
552	0
553	553
554	554
555	0
556	556
557	0
558	0
559	559
560	560
561	0
562	562
563	563
564	0
565	0
566	1132
567	567
568	0
569	0
570	570
571	0
572	0
573	0
574	0
575	0
576	0
577	577
578	0
579	0
580	0
581	0
582	0
583	583
584	0
585	0
586	0
587	0
588	0
589	589
590	0
591	0
592	0
593	593
594	0
595	0
596	0
597	0
598	598
599	0
600	0
601	0
602	0
603	0
604	0
605	0
606	0
607	0
608	0
609	609
610	0
611	0
612	612
613	0
614	614
615	0
616	616
617	0
618	0
619	0
620	0
621	0
622	0
623	0
624	0
625	0
626	0
627	0
628	0
629	0
630	630
631	0
632	0
633	0
634	0
635	0
636	0
637	0
638	0
639	0
640	0
641	0
642	0
643	0
644	0
645	0
646	0
647	0
648	0
649	0
650	0
651	0
652	0
653	0
654	0
655	0
656	0
657	0
658	0
659	0
660	660
661	0
662	0
663	0
664	0
665	0
666	666
667	0
668	0
669	0
670	1340
671	0
672	0
673	0
674	0
675	675
676	0
677	0
678	0
679	0
680	0
681	0
682	0
683	0
684	0
685	0
686	686
687	0
688	0
689	0
690	0
691	0
692	0
693	0
694	0
695	0
696	696
697	0
698	0
699	0
700	0
701	0
702	0
703	0
704	0
705	0
706	0
707	0
708	0
709	0
710	0
711	0
712	0
713	0
714	0
715	0
716	0
717	0
718	0
719	0
720	0
721	0
722	0
723	0
724	0
725	725
726	0
727	0
728	0
729	0
730	0
731	0
732	0
733	733
734	0
735	0
736	0
737	0
738	0
739	0
740	0
741	0
742	0
743	0
744	0
745	0
746	0
747	0
748	0
749	0
750	0
751	0
752	752
753	0
754	0
755	0
756	0
757	0
758	0
759	0
760	0
761	0
762	0
763	0
764	0
765	0
766	766
767	0
768	0
769	0
770	0
771	0
772	0
773	0
774	0
775	0
776	0
777	0
778	0
779	0
780	0
781	0
782	0
783	0
784	0
785	0
786	0
787	0
788	0
789	0
790	0
791	0
792	0
793	0
794	0
795	0
796	0
797	0
798	0
799	0
800	0
801	0
802	0
803	0
804	0
805	0
806	0
807	0
808	0
809	0
810	0
811	0
812	0
813	0
814	0
815	0
