Time passed: 16384	At 100.000000K
0	0
1	147
2	260
3	384
4	608
5	610
6	858
7	896
8	952
9	1278
10	1130
11	1353
12	1440
13	1664
14	1722
15	1905
16	2128
17	1938
18	2610
19	2204
20	2220
21	2625
22	2618
23	2760
24	2784
25	2775
26	2418
27	2835
28	3024
29	3306
30	3240
31	4061
32	3296
33	3498
34	3196
35	3710
36	3204
37	3996
38	3724
39	3276
40	3520
41	4223
42	3486
43	3913
44	4268
45	3870
46	4140
47	3525
48	3360
49	4263
50	4050
51	3876
52	3744
53	4399
54	3780
55	3685
56	4032
57	4047
58	4698
59	4248
60	4740
61	4392
62	5580
63	3591
64	3712
65	3770
66	4290
67	3886
68	3400
69	4347
70	3710
71	3621
72	4536
73	4307
74	4736
75	5175
76	3116
77	4466
78	4368
79	4029
80	4640
81	4617
82	4100
83	3735
84	4536
85	3400
86	4902
87	3915
88	3432
89	4094
90	4410
91	3458
92	3864
93	4278
94	4794
95	4370
96	3648
97	4171
98	2842
99	3168
100	3800
101	3333
102	2754
103	2369
104	3120
105	2625
106	4346
107	2889
108	3132
109	2725
110	3850
111	3219
112	1904
113	2147
114	3420
115	4025
116	3248
117	1989
118	3186
119	1904
120	2520
121	2299
122	2806
123	3075
124	2728
125	2125
126	2142
127	2921
128	2944
129	2064
130	2080
131	1834
132	1980
133	2660
134	2546
135	3105
136	2584
137	2192
138	2208
139	2224
140	1820
141	2397
142	2130
143	1573
144	1872
145	2175
146	1460
147	1029
148	1480
149	1937
150	1500
151	1661
152	3040
153	1224
154	2156
155	2480
156	2340
157	1256
158	1738
159	1749
160	2080
161	1449
162	648
163	1304
164	984
165	2145
166	1494
167	1837
168	1848
169	845
170	1870
171	855
172	516
173	1557
174	1392
175	700
176	1232
177	1593
178	1068
179	895
180	540
181	543
182	364
183	1830
184	920
185	1295
186	930
187	748
188	188
189	1134
190	950
191	573
192	384
193	579
194	582
195	390
196	588
197	1379
198	198
199	796
200	400
201	201
202	606
203	406
204	612
205	615
206	824
207	621
208	1040
209	209
210	210
211	211
212	636
213	0
214	642
215	215
216	216
217	434
218	0
219	657
220	220
221	221
222	444
223	446
224	224
225	225
226	0
227	227
228	0
229	458
230	230
231	693
232	232
233	233
234	234
235	470
236	0
237	0
238	238
239	478
240	480
241	482
242	0
243	486
244	0
245	0
246	246
247	247
248	0
249	0
250	0
251	0
252	504
253	253
254	254
255	0
256	256
257	0
258	516
259	0
260	260
261	0
262	0
263	0
264	0
265	265
266	0
267	0
268	0
269	0
270	0
271	0
272	0
273	0
274	0
275	0
276	0
277	0
278	0
279	0
280	0
281	0
282	0
283	0
284	284
285	0
286	0
287	0
288	0
289	0
290	0
291	0
292	0
293	0
294	0
295	0
296	0
297	0
298	0
299	0
300	0
301	0
302	0
303	0
304	304
305	0
306	0
307	0
308	0
309	0
310	0
311	0
312	0
313	0
314	0
315	0
316	0
317	0
318	318
319	0
320	0
321	0
322	0
323	0
324	0
325	0
326	0
327	0
328	0
329	0
330	0
331	0
332	0
333	0
334	0
335	0
336	0
337	0
338	0
339	0
340	0
341	341
342	0
343	0
344	0
345	0
346	0
347	0
348	0
349	0
350	0
351	0
