Time passed: 1024	At 100.000000K
0	0
1	412
2	826
3	1209
4	1432
5	1900
6	2118
7	2254
8	3160
9	3114
10	3440
11	3718
12	3888
13	4290
14	4046
15	4380
16	4192
17	4471
18	4050
19	4522
20	4000
21	4095
22	4180
23	5359
24	4296
25	4075
26	4316
27	3834
28	4088
29	3828
30	3600
31	3937
32	3456
33	3696
34	3400
35	2940
36	3312
37	2516
38	2660
39	3120
40	2760
41	2378
42	1722
43	1892
44	1848
45	1620
46	1978
47	1034
48	1056
49	1225
50	1050
51	765
52	572
53	1272
54	702
55	770
56	896
57	684
58	638
59	590
60	600
61	244
62	248
63	189
64	384
65	195
66	264
67	134
68	136
69	207
70	210
71	142
72	72
73	146
74	0
75	75
76	152
77	77
78	0
79	79
80	0
81	81
82	0
83	0
84	84
