Time passed: 4096	At 100.000000K
0	0
1	231
2	430
3	657
4	996
5	1120
6	1374
7	1463
8	1808
9	2052
10	2070
11	2156
12	2616
13	2522
14	2534
15	2550
16	3120
17	3247
18	3438
19	3648
20	3300
21	3402
22	3520
23	3703
24	3984
25	4350
26	4420
27	3807
28	4480
29	4176
30	4920
31	3937
32	4192
33	4554
34	4590
35	3815
36	4536
37	3441
38	4218
39	4329
40	4000
41	4387
42	4326
43	4515
44	4312
45	3825
46	3358
47	4371
48	4272
49	3479
50	4300
51	4386
52	3796
53	3551
54	3564
55	3520
56	3584
57	3762
58	3074
59	3481
60	3180
61	4636
62	2976
63	2898
64	3392
65	3315
66	2640
67	3484
68	2788
69	3174
70	3220
71	3479
72	2448
73	3650
74	3108
75	2325
76	2660
77	2310
78	2496
79	2291
80	2320
81	1863
82	2296
83	2075
84	2352
85	1870
86	1376
87	1479
88	1584
89	1068
90	1080
91	1911
92	1104
93	1116
94	1410
95	1045
96	864
97	679
98	980
99	1089
100	600
101	606
102	612
103	927
104	728
105	315
106	530
107	1070
108	756
109	218
110	1100
111	333
112	560
113	678
114	228
115	115
116	116
117	468
118	472
119	238
120	360
121	726
122	488
123	246
124	372
125	250
126	126
127	127
128	0
129	258
130	390
131	131
132	0
133	133
134	134
135	0
136	136
137	137
138	276
139	0
140	0
141	0
142	0
143	0
144	0
145	145
146	0
147	0
148	296
149	149
150	150
151	0
152	0
153	0
154	0
155	0
156	0
157	0
158	0
159	0
160	0
161	0
162	0
163	0
164	0
165	0
166	0
167	0
168	0
169	0
170	0
171	0
172	172
173	0
174	0
175	0
176	0
177	0
178	0
179	0
180	0
181	0
182	0
183	0
184	0
185	0
186	0
