Time passed: 65536	At 100.000000K
0	0
1	109
2	204
3	363
4	448
5	560
6	606
7	637
8	720
9	846
10	950
11	1100
12	1248
13	1170
14	1442
15	1380
16	1504
17	1530
18	1638
19	1748
20	2000
21	1701
22	1980
23	2231
24	2040
25	2375
26	2236
27	1944
28	1792
29	2349
30	2820
31	3069
32	2272
33	3498
34	3060
35	2940
36	3060
37	2775
38	2736
39	2925
40	2960
41	2337
42	2604
43	3354
44	3520
45	3375
46	3634
47	3854
48	3120
49	3724
50	3400
51	3213
52	3172
53	3286
54	3348
55	3355
56	3024
57	3420
58	3480
59	3717
60	3420
61	3233
62	4154
63	3276
64	3840
65	3705
66	3432
67	3618
68	4420
69	3312
70	4060
71	3195
72	3528
73	4307
74	3996
75	3675
76	3800
77	3696
78	3588
79	3160
80	2320
81	3888
82	3280
83	4233
84	3864
85	3060
86	3698
87	3567
88	4312
89	3382
90	3870
91	3458
92	4600
93	4185
94	3384
95	4845
96	4032
97	4462
98	4018
99	3267
100	3200
101	3838
102	4182
103	3502
104	2704
105	4305
106	4134
107	3638
108	4644
109	4469
110	4510
111	3330
112	3808
113	3842
114	4104
115	3795
116	3944
117	4212
118	3068
119	4284
120	3840
121	3751
122	3660
123	3936
124	3596
125	2375
126	3654
127	3429
128	3328
129	4386
130	4030
131	3668
132	4752
133	3325
134	3886
135	2970
136	3128
137	3288
138	3726
139	3753
140	3920
141	2961
142	3124
143	2002
144	3168
145	3770
146	2482
147	2793
148	2516
149	3576
150	2850
151	3473
152	3800
153	2907
154	2926
155	3410
156	2496
157	3454
158	4108
159	2385
160	2560
161	2737
162	2592
163	2771
164	2132
165	2640
166	2490
167	3507
168	3360
169	2873
170	2380
171	2223
172	2924
173	2249
174	4002
175	2625
176	2640
177	2655
178	3382
179	2327
180	1620
181	1810
182	3094
183	2562
184	2760
185	2220
186	3162
187	2431
188	2444
189	1323
190	2660
191	2101
192	2496
193	2316
194	1940
195	1950
196	2156
197	2167
198	2772
199	1592
200	2200
201	2412
202	2020
203	2030
204	2244
205	2050
206	2884
207	3519
208	2288
209	2090
210	1680
211	2532
212	2968
213	2982
214	1498
215	1505
216	2376
217	1736
218	1744
219	1533
220	3080
221	3094
222	1776
223	2230
224	1120
225	1350
226	2034
227	2270
228	1824
229	1832
230	1610
231	924
232	1160
233	2796
234	2808
235	1645
236	944
237	1185
238	1428
239	1434
240	2400
241	2169
242	726
243	1701
244	1464
245	735
246	2214
247	1976
248	1488
249	996
250	1500
251	1757
252	1512
253	1265
254	508
255	1530
256	1024
257	514
258	1290
259	777
260	1300
261	783
262	1310
263	1841
264	1056
265	1060
266	532
267	801
268	536
269	807
270	1350
271	1084
272	816
273	1638
274	548
275	1375
276	1932
277	831
278	834
279	1395
280	840
281	843
282	564
283	1132
284	284
285	1995
286	1144
287	1722
288	576
289	578
290	1160
291	0
292	876
293	0
294	1470
295	885
296	1480
297	1485
298	596
299	299
300	600
301	1806
302	1208
303	909
304	1216
305	915
306	2448
307	921
308	616
309	1854
310	1550
311	311
312	312
313	939
314	628
315	945
316	0
317	951
318	318
319	638
320	960
321	1284
322	322
323	969
324	648
325	0
326	978
327	654
328	328
329	658
330	330
331	993
332	996
333	666
334	334
335	670
336	336
337	0
338	0
339	339
340	0
341	0
342	0
343	343
344	344
345	345
346	346
347	347
348	696
349	0
350	0
351	0
352	0
353	706
354	1062
355	1420
356	356
357	357
358	1074
359	359
360	360
361	361
362	362
363	726
364	1092
365	1095
366	1098
367	734
368	0
369	369
370	370
371	0
372	1116
373	746
374	374
375	0
376	376
377	0
378	0
379	0
380	760
381	0
382	0
383	0
384	768
385	385
386	0
387	0
388	1164
389	0
390	0
391	0
392	0
393	393
394	0
395	0
396	0
397	794
398	0
399	0
400	0
401	0
402	0
403	403
404	404
405	405
406	0
407	0
408	0
409	0
410	410
411	0
412	0
413	0
414	414
415	0
416	0
417	834
418	0
419	419
420	420
421	0
422	0
423	0
424	0
425	0
426	0
427	0
428	0
429	429
430	430
431	0
432	0
433	0
434	0
435	435
436	0
437	0
438	0
439	439
440	0
441	0
442	442
443	0
444	0
445	0
446	0
447	0
448	0
449	0
450	0
451	0
452	0
453	0
454	0
455	0
456	456
457	0
458	0
459	459
460	0
461	0
462	0
463	463
464	0
465	0
466	0
467	0
468	0
469	0
470	0
471	0
472	0
473	0
474	0
475	0
476	0
477	0
478	0
479	0
480	0
481	0
482	0
483	0
484	484
485	0
486	0
487	0
488	0
489	0
490	0
491	0
492	0
493	0
494	0
495	0
496	0
497	0
498	0
499	499
500	0
501	501
502	0
503	0
504	0
505	0
506	0
507	0
508	0
509	0
510	0
511	0
512	0
513	0
514	0
515	515
516	0
517	0
518	0
519	0
520	0
521	0
522	0
523	0
524	0
525	0
526	0
527	0
528	528
529	0
530	0
531	0
532	0
533	0
534	0
535	0
536	0
537	0
538	0
539	0
540	0
541	0
542	0
543	0
544	0
545	0
546	0
547	0
548	0
549	0
550	0
551	0
552	0
553	0
554	0
555	0
556	0
557	0
558	0
559	0
560	0
561	0
562	0
563	0
564	0
565	0
566	0
567	0
568	0
569	0
570	0
571	0
572	0
573	0
574	0
575	0
576	0
577	0
578	0
579	0
580	0
581	0
582	0
583	0
584	0
585	0
586	0
587	0
588	0
589	0
590	0
591	0
592	0
593	0
594	0
595	0
596	0
597	0
598	0
599	0
600	0
601	0
602	0
603	0
604	0
605	605
606	0
607	0
608	0
609	0
610	0
611	0
612	0
613	0
614	0
615	0
616	0
617	0
618	0
619	0
620	0
621	0
622	0
