Time passed: 131072	At 100.000000K
0	0
1	110
2	184
3	273
4	356
5	415
6	606
7	693
8	576
9	909
10	870
11	968
12	1152
13	1183
14	1372
15	1455
16	1808
17	1428
18	1494
19	1767
20	1340
21	1785
22	1694
23	2208
24	2040
25	2475
26	1690
27	2052
28	2072
29	2320
30	1980
31	2077
32	3200
33	2640
34	2210
35	2205
36	2556
37	2738
38	2736
39	2847
40	2680
41	3075
42	3276
43	3139
44	3520
45	3420
46	2806
47	2632
48	2304
49	2352
50	3550
51	3111
52	2808
53	3498
54	3078
55	3465
56	3472
57	3477
58	3132
59	2773
60	3540
61	3965
62	3472
63	3150
64	3328
65	3835
66	3564
67	3618
68	3264
69	3657
70	3850
71	4118
72	3600
73	3869
74	3774
75	3675
76	3496
77	3465
78	3198
79	3476
80	3360
81	3807
82	3854
83	4150
84	3444
85	3485
86	3612
87	3219
88	4312
89	3382
90	3330
91	4550
92	3680
93	3069
94	3854
95	5130
96	2784
97	3977
98	4606
99	3960
100	3900
101	3333
102	4896
103	3399
104	3744
105	4515
106	3604
107	4280
108	3564
109	4033
110	3850
111	3663
112	3472
113	4746
114	3078
115	3220
116	3016
117	3861
118	4602
119	2975
120	3000
121	5082
122	3172
123	4059
124	4092
125	3750
126	3654
127	3683
128	3840
129	3225
130	3640
131	4323
132	4752
133	3325
134	3886
135	2430
136	1768
137	4384
138	4830
139	2224
140	3640
141	2820
142	2272
143	2717
144	3744
145	3045
146	3942
147	2793
148	3848
149	3874
150	3150
151	4379
152	2584
153	3978
154	1848
155	3410
156	2652
157	3454
158	3318
159	2385
160	4320
161	4347
162	2430
163	2282
164	2624
165	3465
166	1494
167	2004
168	2856
169	4394
170	2720
171	3933
172	2064
173	2422
174	2262
175	2975
176	2288
177	2832
178	3026
179	3043
180	1800
181	3258
182	3094
183	2928
184	1104
185	3145
186	2790
187	1870
188	1880
189	3024
190	1900
191	3629
192	3456
193	2509
194	3880
195	2535
196	3920
197	3940
198	3564
199	2587
200	3800
201	3417
202	3838
203	3451
204	1836
205	2460
206	3502
207	2484
208	2080
209	2299
210	2100
211	1477
212	3392
213	2343
214	2782
215	2150
216	3672
217	2387
218	2834
219	1971
220	2200
221	1547
222	1110
223	3345
224	2016
225	3375
226	2260
227	2270
228	2508
229	2061
230	2070
231	2079
232	2320
233	1165
234	1638
235	1410
236	1180
237	1659
238	2380
239	1434
240	1200
241	2169
242	726
243	1458
244	2440
245	1225
246	3198
247	2964
248	2232
249	1992
250	1500
251	1004
252	1764
253	1265
254	2286
255	2295
256	1280
257	1542
258	1806
259	1036
260	2340
261	1044
262	1834
263	526
264	1584
265	265
266	1596
267	3204
268	2144
269	1345
270	2160
271	2710
272	1632
273	1092
274	1918
275	1650
276	1380
277	554
278	556
279	1674
280	1960
281	281
282	1692
283	1698
284	1988
285	1710
286	858
287	1148
288	2304
289	867
290	1160
291	1164
292	1752
293	2051
294	1764
295	1475
296	592
297	2079
298	1490
299	2093
300	900
301	1204
302	604
303	909
304	608
305	1830
306	612
307	614
308	616
309	618
310	620
311	1555
312	1248
313	1565
314	314
315	945
316	1896
317	951
318	954
319	1276
320	960
321	963
322	0
323	1615
324	1620
325	975
326	978
327	1308
328	984
329	329
330	990
331	331
332	1660
333	999
334	668
335	1005
336	1008
337	1685
338	338
339	1356
340	680
341	1023
342	1710
343	1029
344	344
345	1380
346	1038
347	694
348	1392
349	349
350	700
351	1053
352	0
353	353
354	354
355	710
356	356
357	0
358	358
359	1077
360	360
361	1444
362	362
363	1089
364	1456
365	1460
366	366
367	367
368	736
369	369
370	1480
371	0
372	1116
373	0
374	374
375	375
376	1128
377	377
378	0
379	1137
380	760
381	381
382	382
383	383
384	384
385	385
386	386
387	774
388	388
389	778
390	390
391	0
392	392
393	0
394	394
395	0
396	1584
397	1191
398	1194
399	1197
400	400
401	0
402	0
403	403
404	808
405	810
406	0
407	0
408	408
409	409
410	0
411	0
412	0
413	0
414	0
415	0
416	0
417	0
418	0
419	1676
420	420
421	1263
422	844
423	423
424	424
425	425
426	1278
427	427
428	428
429	858
430	0
431	431
432	0
433	0
434	0
435	0
436	436
437	0
438	0
439	0
440	440
441	0
442	0
443	886
444	888
445	0
446	892
447	447
448	0
449	0
450	450
451	0
452	452
453	0
454	908
455	0
456	456
457	457
458	458
459	459
460	0
461	0
462	924
463	926
464	464
465	0
466	932
467	934
468	0
469	0
470	470
471	471
472	0
473	0
474	948
475	0
476	0
477	0
478	0
479	0
480	0
481	0
482	0
483	483
484	0
485	485
486	0
487	0
488	0
489	489
490	0
491	0
492	0
493	0
494	494
495	0
496	0
497	497
498	0
499	0
500	0
501	0
502	0
503	0
504	504
505	0
506	0
507	0
508	0
509	0
510	0
511	0
512	512
513	0
514	0
515	0
516	0
517	0
518	0
519	0
520	0
521	0
522	522
523	0
524	524
525	0
526	0
527	0
528	0
529	0
530	530
531	531
532	0
533	0
534	0
535	0
536	0
537	0
538	538
539	539
540	0
541	0
542	542
543	0
544	0
545	545
546	0
547	0
548	0
549	0
550	0
551	0
552	0
553	0
554	0
555	555
556	0
557	0
558	558
559	0
560	0
561	0
562	0
563	563
564	0
565	0
566	0
567	0
568	0
569	0
570	0
571	0
572	572
573	0
574	0
575	0
576	0
577	577
578	0
579	0
580	0
581	0
582	0
583	0
584	0
585	0
586	0
587	587
588	0
589	0
590	0
591	0
592	0
593	0
594	0
595	0
596	0
597	0
598	0
599	0
600	0
601	0
602	0
603	603
604	0
605	0
606	0
607	0
608	0
609	0
610	0
611	0
612	0
613	0
614	0
615	0
616	0
617	0
618	0
619	0
620	0
621	0
622	0
623	0
624	0
625	0
626	0
627	0
628	0
629	0
630	0
631	0
632	0
633	633
634	0
635	0
636	0
637	0
638	638
639	0
640	0
641	0
642	0
643	0
644	0
645	0
646	0
647	0
648	0
649	0
650	0
651	0
652	0
653	0
654	0
655	0
656	0
657	0
658	0
659	0
660	0
661	0
662	0
663	0
664	0
665	0
666	666
667	0
668	0
669	0
670	0
671	0
672	0
673	0
674	0
675	0
676	0
677	0
678	0
679	0
680	0
681	0
682	0
683	0
684	0
685	0
686	0
687	0
688	0
689	0
690	0
691	0
692	0
693	0
694	0
695	0
696	0
697	0
698	0
699	0
700	0
701	0
702	0
703	0
704	0
705	0
706	0
707	0
708	0
709	0
710	0
711	0
712	0
713	0
714	0
715	0
716	0
717	0
718	0
719	0
720	0
721	0
722	0
723	0
724	0
725	0
726	0
727	0
728	0
729	0
730	0
731	0
732	0
733	0
734	0
735	0
736	0
737	0
738	738
739	0
740	0
741	0
742	0
743	0
744	0
745	0
746	0
747	0
748	0
749	0
750	0
751	0
752	0
