Time passed: 32768	At 100.000000K
0	0
1	123
2	230
3	375
4	532
5	570
6	708
7	889
8	928
9	945
10	1100
11	1287
12	1368
13	1638
14	1554
15	1320
16	1552
17	1649
18	1908
19	1919
20	1740
21	1869
22	2178
23	2369
24	2184
25	2500
26	2002
27	2700
28	2660
29	2378
30	2610
31	2666
32	2592
33	2937
34	2652
35	2625
36	2844
37	3071
38	3686
39	3432
40	2920
41	3690
42	3234
43	3311
44	4092
45	3420
46	3220
47	3149
48	3744
49	4557
50	4200
51	3927
52	3224
53	3392
54	4374
55	3575
56	4256
57	3648
58	3770
59	3835
60	3720
61	4575
62	4092
63	3150
64	4032
65	3900
66	3300
67	5561
68	3808
69	4347
70	3290
71	4757
72	4464
73	3577
74	3256
75	3825
76	4484
77	3927
78	4056
79	4503
80	3440
81	3645
82	3526
83	3984
84	4452
85	4505
86	4214
87	5046
88	3872
89	4272
90	4320
91	5278
92	3864
93	3999
94	3478
95	3705
96	3744
97	3395
98	3724
99	3069
100	5300
101	4141
102	4488
103	5253
104	4680
105	4410
106	4452
107	3745
108	3240
109	3488
110	2860
111	3219
112	4816
113	2938
114	5130
115	2990
116	4060
117	3744
118	2596
119	4046
120	3600
121	3872
122	4758
123	3321
124	3224
125	4000
126	2394
127	2921
128	3712
129	2451
130	4160
131	2751
132	3828
133	3059
134	3350
135	2160
136	3264
137	2740
138	3588
139	2085
140	2380
141	4512
142	2698
143	3289
144	2160
145	3480
146	2628
147	2058
148	1776
149	4023
150	3000
151	3020
152	3952
153	2907
154	1540
155	1550
156	2184
157	1570
158	2528
159	2862
160	2080
161	3542
162	2430
163	2934
164	1968
165	1980
166	2324
167	2171
168	3024
169	3887
170	3060
171	2565
172	2236
173	865
174	1392
175	1400
176	1936
177	1239
178	1780
179	1253
180	1980
181	724
182	1274
183	2562
184	1472
185	2220
186	2418
187	935
188	1692
189	2646
190	1710
191	2101
192	768
193	2509
194	1164
195	1170
196	2156
197	1379
198	2178
199	1791
200	3200
201	804
202	2424
203	1827
204	1632
205	1435
206	1236
207	1242
208	416
209	1672
210	840
211	1266
212	1272
213	1065
214	1498
215	1075
216	864
217	1519
218	1962
219	1095
220	1320
221	1989
222	888
223	1338
224	1568
225	675
226	2260
227	1135
228	1140
229	1832
230	920
231	462
232	928
233	466
234	702
235	705
236	472
237	474
238	476
239	717
240	240
241	482
242	968
243	486
244	732
245	735
246	246
247	494
248	744
249	996
250	750
251	1255
252	252
253	506
254	1270
255	255
256	256
257	514
258	258
259	777
260	1040
261	261
262	786
263	263
264	264
265	795
266	266
267	801
268	1340
269	269
270	270
271	0
272	544
273	1092
274	274
275	825
276	0
277	0
278	278
279	837
280	0
281	562
282	1128
283	566
284	0
285	285
286	286
287	287
288	1152
289	289
290	0
291	0
292	292
293	0
294	294
295	295
296	0
297	594
298	0
299	0
300	300
301	602
302	302
303	0
304	0
305	0
306	612
307	0
308	0
309	0
310	0
311	311
312	936
313	313
314	0
315	630
316	0
317	317
318	0
319	319
320	0
321	321
322	0
323	0
324	648
325	0
326	326
327	0
328	0
329	0
330	0
331	0
332	0
333	333
334	0
335	0
336	0
337	0
338	0
339	678
340	340
341	0
342	0
343	0
344	0
345	0
346	346
347	347
348	0
349	0
350	0
351	351
352	0
353	0
354	0
355	355
356	0
357	0
358	358
359	0
360	0
361	0
362	0
363	0
364	0
365	365
366	0
367	0
368	0
369	369
370	0
371	0
372	0
373	0
374	0
375	375
376	0
377	0
378	0
379	0
380	0
381	0
382	0
383	0
384	0
385	0
386	0
387	0
388	0
389	0
390	0
391	0
392	0
393	393
394	0
395	0
396	0
397	0
398	0
399	0
400	0
401	0
402	0
403	0
404	0
405	0
406	0
407	0
408	0
409	0
410	0
411	0
412	0
413	0
414	414
415	0
416	0
417	0
418	0
419	0
420	0
421	421
422	0
423	0
424	0
425	0
426	0
427	0
428	0
429	0
430	0
431	0
432	0
433	0
434	0
435	0
436	0
437	0
438	0
439	0
440	0
441	0
