Time passed: 524288	At 100.000000K
0	0
1	113
2	194
3	297
4	384
5	515
6	600
7	658
8	776
9	927
10	960
11	869
12	972
13	1066
14	1064
15	1455
16	1232
17	1275
18	1386
19	1463
20	1440
21	1785
22	2002
23	2208
24	1680
25	1750
26	1846
27	2700
28	2156
29	1827
30	2160
31	1891
32	2048
33	2112
34	2040
35	1820
36	2376
37	2664
38	2736
39	2691
40	2240
41	2829
42	3066
43	2451
44	2728
45	2610
46	2300
47	2961
48	3024
49	3234
50	3450
51	2346
52	4212
53	3233
54	3294
55	3630
56	3136
57	3306
58	3886
59	3363
60	3900
61	2989
62	4154
63	3276
64	3264
65	3185
66	4554
67	3082
68	3060
69	3519
70	3780
71	3550
72	3888
73	2847
74	3256
75	3600
76	3572
77	3003
78	3900
79	3397
80	3520
81	4698
82	3280
83	4067
84	3444
85	3910
86	4042
87	4611
88	2904
89	3204
90	3060
91	3822
92	3956
93	3534
94	3196
95	3610
96	2976
97	3589
98	4116
99	3366
100	3600
101	3131
102	4794
103	4429
104	4264
105	3780
106	3922
107	3745
108	2808
109	4033
110	3850
111	2775
112	3920
113	3729
114	2622
115	3450
116	3248
117	4212
118	3068
119	3808
120	4440
121	5324
122	3050
123	4551
124	4712
125	3000
126	3906
127	1905
128	3584
129	3354
130	2340
131	3144
132	3960
133	4389
134	2278
135	5130
136	3264
137	3836
138	2898
139	3058
140	2940
141	2115
142	2698
143	3432
144	2736
145	2900
146	2774
147	3234
148	3256
149	3129
150	2700
151	3322
152	3192
153	4896
154	3696
155	4030
156	4212
157	1256
158	3476
159	3021
160	2720
161	3703
162	3726
163	2934
164	2132
165	3135
166	3320
167	3507
168	3360
169	4394
170	2550
171	3078
172	2752
173	3633
174	2958
175	3150
176	4928
177	3540
178	3560
179	2685
180	3960
181	4706
182	2366
183	2196
184	3128
185	1850
186	3906
187	2618
188	2444
189	3024
190	2850
191	1528
192	4032
193	3088
194	2910
195	2925
196	2156
197	3546
198	2772
199	3582
200	3400
201	1407
202	1616
203	2842
204	2856
205	2050
206	2266
207	2277
208	2704
209	2717
210	2520
211	4431
212	3392
213	2343
214	4280
215	1720
216	2160
217	2170
218	1526
219	2847
220	2860
221	2652
222	2664
223	2007
224	3136
225	3150
226	2486
227	2724
228	1596
229	2519
230	2760
231	2079
232	696
233	1864
234	1638
235	1410
236	708
237	2370
238	1428
239	3824
240	1200
241	1205
242	1210
243	2916
244	1708
245	2205
246	984
247	2964
248	3224
249	3237
250	3750
251	1757
252	2772
253	1012
254	2540
255	2295
256	2048
257	2570
258	1290
259	1813
260	1300
261	1305
262	524
263	2367
264	2376
265	1590
266	1596
267	1869
268	1608
269	807
270	2160
271	1084
272	1360
273	1638
274	1644
275	2475
276	2208
277	1662
278	3614
279	558
280	2520
281	1405
282	2256
283	566
284	1420
285	1140
286	1144
287	2009
288	576
289	1156
290	2610
291	2037
292	2044
293	1465
294	1764
295	1180
296	1480
297	2079
298	894
299	1495
300	1200
301	1204
302	1510
303	606
304	1520
305	1830
306	1530
307	1228
308	1540
309	927
310	1860
311	2177
312	624
313	626
314	1256
315	315
316	1264
317	317
318	636
319	957
320	1280
321	1605
322	644
323	2261
324	648
325	1625
326	1630
327	2943
328	1968
329	329
330	1320
331	331
332	664
333	999
334	668
335	1005
336	1008
337	1348
338	2028
339	1356
340	680
341	1705
342	342
343	1029
344	1032
345	690
346	346
347	1388
348	696
349	1047
350	1050
351	702
352	1056
353	1412
354	354
355	355
356	356
357	1428
358	716
359	718
360	1080
361	361
362	362
363	726
364	1092
365	730
366	732
367	2202
368	1104
369	1107
370	370
371	371
372	1860
373	373
374	1122
375	750
376	376
377	754
378	378
379	2274
380	760
381	381
382	764
383	1149
384	0
385	385
386	0
387	1548
388	1552
389	1167
390	390
391	391
392	1568
393	786
394	0
395	395
396	396
397	397
398	0
399	1197
400	800
401	401
402	402
403	806
404	404
405	405
406	406
407	0
408	408
409	818
410	1230
411	1644
412	0
413	826
414	1656
415	0
416	1664
417	417
418	1254
419	419
420	1680
421	0
422	0
423	846
424	424
425	425
426	426
427	0
428	428
429	429
430	430
431	0
432	432
433	866
434	868
435	870
436	436
437	874
438	876
439	0
440	440
441	441
442	442
443	443
444	888
445	890
446	892
447	447
448	448
449	449
450	900
451	2255
452	904
453	0
454	454
455	455
456	456
457	0
458	458
459	459
460	460
461	0
462	0
463	0
464	464
465	0
466	466
467	467
468	0
469	469
470	940
471	0
472	1416
473	0
474	0
475	475
476	952
477	477
478	956
479	958
480	480
481	0
482	0
483	1449
484	968
485	485
486	972
487	487
488	488
489	978
490	0
491	491
492	984
493	493
494	0
495	495
496	0
497	497
498	0
499	0
500	1000
501	1002
502	0
503	0
504	0
505	0
506	0
507	0
508	0
509	509
510	1020
511	511
512	0
513	513
514	0
515	0
516	0
517	517
518	0
519	0
520	520
521	521
522	0
523	0
524	0
525	0
526	0
527	0
528	0
529	529
530	0
531	0
532	532
533	533
534	0
535	535
536	0
537	0
538	538
539	0
540	540
541	0
542	0
543	0
544	0
545	1090
546	546
547	0
548	0
549	0
550	0
551	0
552	0
553	553
554	0
555	0
556	556
557	0
558	0
559	0
560	0
561	0
562	0
563	563
564	0
565	0
566	0
567	567
568	568
569	0
570	570
571	0
572	0
573	0
574	0
575	0
576	0
577	577
578	0
579	0
580	0
581	0
582	0
583	0
584	584
585	0
586	0
587	0
588	588
589	0
590	0
591	591
592	0
593	1186
594	1188
595	0
596	0
597	0
598	0
599	0
600	0
601	0
602	0
603	0
604	0
605	605
606	0
607	0
608	0
609	0
610	0
611	0
612	612
613	0
614	0
615	0
616	616
617	0
618	0
619	0
620	0
621	0
622	0
623	623
624	0
625	0
626	626
627	0
628	628
629	0
630	0
631	0
632	0
633	0
634	0
635	0
636	0
637	0
638	0
639	1278
640	0
641	0
642	0
643	0
644	0
645	0
646	0
647	0
648	648
649	0
650	0
651	0
652	0
653	653
654	0
655	655
656	0
657	0
658	0
659	0
660	0
661	0
662	0
663	0
664	0
665	0
666	0
667	0
668	0
669	0
670	0
671	0
672	0
673	0
674	0
675	675
676	0
677	0
678	0
679	0
680	0
681	0
682	0
683	0
684	0
685	0
686	686
687	0
688	0
689	689
690	0
691	0
692	0
693	0
694	694
695	0
696	0
697	0
698	0
699	0
700	0
701	0
702	0
703	0
704	0
705	0
706	0
707	0
708	0
709	0
710	1420
711	0
712	0
713	0
714	0
715	0
716	0
717	0
718	0
719	0
720	0
721	0
722	0
723	0
724	0
725	0
726	0
727	0
728	0
729	0
730	0
731	0
732	0
733	0
734	0
735	0
736	0
737	0
738	738
739	0
740	0
741	0
742	0
743	0
744	0
745	0
746	0
747	0
748	0
749	0
750	0
751	751
752	0
753	0
754	0
755	0
756	0
757	0
758	0
759	0
760	0
761	0
762	0
763	0
764	0
765	0
766	0
767	0
768	0
769	0
770	0
771	0
772	0
773	0
774	0
775	0
776	0
777	0
778	0
779	0
780	0
781	0
782	0
783	0
784	0
785	0
786	0
787	0
788	0
789	0
790	0
791	0
792	0
793	0
794	0
795	0
796	0
797	0
798	0
799	0
800	0
801	0
802	0
803	0
804	0
805	0
806	0
807	0
808	0
809	0
810	0
811	0
812	0
813	0
814	0
815	0
816	0
817	0
818	0
819	0
820	0
821	0
822	0
823	0
824	0
825	0
826	0
827	0
828	0
829	0
830	0
831	0
832	0
833	0
834	0
835	0
836	0
837	0
838	0
839	0
840	0
841	0
842	0
843	0
844	0
845	0
846	0
847	0
848	0
849	0
850	0
851	0
852	0
853	0
854	0
855	0
856	0
857	0
858	0
859	0
860	0
861	0
862	0
863	0
864	0
865	0
866	0
867	0
868	0
869	0
870	0
871	0
872	0
873	0
874	0
875	0
876	0
877	0
878	0
879	0
880	0
881	0
882	0
883	0
884	0
885	0
886	0
887	0
888	0
889	0
890	0
891	0
892	0
893	0
894	0
895	0
896	0
897	0
898	0
899	0
900	0
901	0
902	0
903	0
904	0
905	0
906	0
907	0
908	0
909	0
910	0
911	0
912	0
913	0
914	0
915	0
916	0
917	0
918	0
919	0
920	0
921	0
922	0
923	0
924	0
925	0
926	0
927	0
928	0
929	0
930	0
931	0
932	0
933	0
934	0
935	0
936	0
937	0
938	0
939	0
940	0
941	0
942	0
943	0
944	0
945	0
946	0
947	0
948	0
949	0
950	0
951	0
952	0
953	0
954	0
955	0
956	0
957	957
958	0
959	0
960	0
961	0
962	0
963	0
964	0
965	0
966	0
967	0
968	0
969	0
970	0
971	0
972	0
973	0
974	0
975	0
976	0
977	0
978	0
979	0
980	0
981	0
982	0
983	0
984	0
985	0
986	0
987	0
988	0
989	0
990	0
991	991
992	0
993	0
994	0
995	0
996	0
997	0
998	0
999	0
1000	0
1001	0
1002	0
1003	0
1004	0
1005	0
1006	0
1007	0
1008	0
1009	0
1010	0
1011	0
1012	0
1013	0
1014	0
1015	0
1016	0
1017	0
