Time passed: 8192	At 200.000000K
0	0
1	322
2	566
3	870
4	1196
5	1665
6	1980
7	1981
8	2296
9	2574
10	2500
11	3124
12	3432
13	3302
14	3640
15	3840
16	4736
17	5015
18	5490
19	4655
20	5180
21	4431
22	5896
23	5520
24	5592
25	6550
26	7384
27	6993
28	7392
29	6380
30	6930
31	7843
32	6624
33	7359
34	7684
35	7980
36	7128
37	8288
38	8664
39	7410
40	9080
41	8077
42	8232
43	8557
44	8140
45	8460
46	8786
47	8366
48	7488
49	8477
50	9650
51	9639
52	8580
53	10017
54	9288
55	9020
56	9072
57	9633
58	8294
59	7139
60	9960
61	9821
62	8866
63	8694
64	8768
65	8125
66	7260
67	10050
68	8160
69	9591
70	9660
71	7739
72	9288
73	8030
74	9324
75	9225
76	8892
77	8393
78	8970
79	7189
80	8480
81	7533
82	7626
83	8549
84	8316
85	6545
86	7912
87	6960
88	7040
89	6230
90	6930
91	8281
92	7084
93	6510
94	6204
95	7125
96	6912
97	6111
98	6272
99	5643
100	6900
101	5252
102	6834
103	5768
104	5512
105	4725
106	5618
107	5885
108	4968
109	4796
110	5720
111	4440
112	5712
113	5085
114	4218
115	4255
116	4756
117	4095
118	4366
119	3094
120	4800
121	4719
122	3294
123	4920
124	4216
125	3875
126	3276
127	3429
128	2432
129	3483
130	2600
131	3013
132	2772
133	1995
134	3082
135	2160
136	2992
137	2466
138	2898
139	3058
140	1960
141	1974
142	2698
143	2717
144	2448
145	1885
146	1606
147	1323
148	592
149	1639
150	1650
151	1510
152	1672
153	918
154	1540
155	2325
156	936
157	1099
158	790
159	318
160	1120
161	805
162	1134
163	652
164	984
165	1155
166	498
167	1002
168	840
169	676
170	510
171	684
172	688
173	692
174	348
175	350
176	704
177	708
178	356
179	537
180	540
181	724
182	364
183	183
184	184
185	925
186	744
187	187
188	376
189	378
190	380
191	573
192	576
193	0
194	388
195	195
196	392
197	788
198	396
199	398
200	200
201	402
202	202
203	203
204	204
205	205
206	412
207	0
208	0
209	0
210	210
211	211
212	0
213	213
214	214
215	215
216	216
217	217
218	0
219	219
220	0
221	221
222	0
223	0
224	0
225	0
226	0
227	0
228	228
229	0
230	0
231	0
232	0
233	0
234	0
235	235
236	236
237	0
238	0
239	0
240	0
241	0
242	0
243	0
244	0
245	0
246	0
247	0
248	0
249	0
250	0
251	0
