Time passed: 1024	At 200.000000K
0	0
1	709
2	1534
3	2352
4	2804
5	3545
6	4230
7	4697
8	6000
9	5796
10	6870
11	7238
12	7212
13	7410
14	8596
15	8145
16	8672
17	9282
18	8550
19	9044
20	8700
21	8862
22	8558
23	10120
24	9552
25	9575
26	9958
27	8424
28	8764
29	8207
30	8580
31	8370
32	8320
33	7359
34	7140
35	6790
36	5868
37	6475
38	6270
39	5694
40	5240
41	4305
42	3948
43	3999
44	4400
45	3690
46	3266
47	3666
48	2688
49	2646
50	2500
51	1734
52	1872
53	2173
54	1674
55	1925
56	1288
57	1710
58	1160
59	1121
60	840
61	366
62	1116
63	756
64	960
65	780
66	528
67	402
68	136
69	345
70	420
71	426
72	0
73	146
74	74
75	150
76	76
77	231
78	78
79	0
80	80
81	81
82	0
83	0
84	168
85	0
86	0
