Time passed: 2048	At 200.000000K
0	0
1	519
2	1024
3	1575
4	2188
5	2560
6	3048
7	3689
8	4040
9	4563
10	4670
11	5852
12	6060
13	5993
14	6608
15	6750
16	7600
17	7684
18	8208
19	7619
20	8540
21	8253
22	8734
23	9062
24	8688
25	9025
26	9542
27	8748
28	8456
29	9483
30	10350
31	9145
32	9408
33	8382
34	9996
35	8610
36	9252
37	8510
38	8436
39	8424
40	8320
41	8118
42	7686
43	8299
44	8184
45	8280
46	6808
47	6909
48	7008
49	6958
50	6800
51	7191
52	5980
53	6837
54	5508
55	4785
56	5376
57	4332
58	4872
59	3894
60	4440
61	3355
62	3720
63	3843
64	3712
65	2990
66	2640
67	2881
68	3128
69	2967
70	3080
71	2982
72	2304
73	1752
74	2516
75	1875
76	2356
77	2079
78	1716
79	1185
80	1680
81	891
82	902
83	1660
84	840
85	1020
86	1032
87	783
88	528
89	623
90	450
91	273
92	276
93	651
94	470
95	190
96	288
97	388
98	392
99	198
100	500
101	202
102	408
103	412
104	624
105	210
106	106
107	107
108	108
109	109
110	0
111	222
112	112
113	113
114	0
115	0
116	232
117	0
118	0
119	0
120	120
121	0
122	0
123	0
124	0
125	0
126	126
127	127
128	0
129	0
130	0
131	0
132	0
133	0
134	0
135	0
136	0
137	0
