Time passed: 16384	At 200.000000K
0	0
1	256
2	412
3	699
4	904
5	1140
6	1404
7	1624
8	1904
9	2025
10	2010
11	2409
12	2544
13	2639
14	2772
15	2955
16	3424
17	3519
18	3870
19	4123
20	4460
21	4389
22	4356
23	4623
24	4776
25	4900
26	5018
27	4752
28	5852
29	5742
30	6540
31	6510
32	6016
33	5808
34	5916
35	6195
36	6120
37	6105
38	6460
39	6903
40	6880
41	7052
42	6678
43	6880
44	6732
45	8820
46	7728
47	7708
48	8448
49	7056
50	7700
51	8109
52	7436
53	7844
54	8046
55	7700
56	8512
57	7353
58	8526
59	8378
60	9180
61	8967
62	7998
63	8442
64	9088
65	8060
66	8646
67	9648
68	8976
69	8349
70	8680
71	9727
72	8640
73	9417
74	8140
75	7875
76	7372
77	7931
78	8658
79	7584
80	9920
81	9072
82	7544
83	9130
84	8400
85	10030
86	9288
87	8961
88	9944
89	9078
90	9810
91	7098
92	8924
93	8928
94	7802
95	9215
96	7776
97	8827
98	10976
99	7326
100	9400
101	7575
102	9588
103	7622
104	7592
105	9240
106	8056
107	8239
108	8532
109	5995
110	9570
111	7659
112	8512
113	6328
114	8778
115	7475
116	9628
117	7371
118	8142
119	7378
120	8280
121	6897
122	5490
123	6273
124	7440
125	8625
126	6174
127	6731
128	5760
129	7095
130	6760
131	5895
132	5148
133	6517
134	5494
135	6480
136	4352
137	7124
138	7866
139	5977
140	4900
141	4794
142	4970
143	5720
144	5472
145	5220
146	5110
147	6321
148	4736
149	3725
150	5400
151	3020
152	3648
153	6120
154	4466
155	5890
156	5148
157	5338
158	3318
159	5247
160	4960
161	4186
162	4698
163	3586
164	3444
165	3300
166	3818
167	5344
168	4200
169	2535
170	2890
171	3933
172	3440
173	3633
174	3654
175	3850
176	2464
177	3363
178	3204
179	3580
180	3240
181	1448
182	1820
183	3477
184	2208
185	2220
186	2418
187	2618
188	3008
189	2646
190	3040
191	1910
192	2688
193	3474
194	1746
195	2340
196	1960
197	1773
198	1584
199	1592
200	2200
201	2211
202	2020
203	2233
204	1836
205	1845
206	1854
207	207
208	1456
209	1463
210	1470
211	2110
212	1484
213	1491
214	1498
215	1075
216	1728
217	651
218	654
219	657
220	1980
221	442
222	1776
223	1784
224	1344
225	1800
226	678
227	908
228	1368
229	1145
230	460
231	693
232	464
233	233
234	936
235	470
236	708
237	711
238	476
239	956
240	960
241	482
242	242
243	1215
244	732
245	490
246	738
247	494
248	992
249	249
250	1000
251	753
252	252
253	253
254	254
255	255
256	512
257	0
258	258
259	518
260	0
261	1044
262	524
263	0
264	528
265	530
266	532
267	801
268	804
269	1345
270	270
271	542
272	544
273	546
274	548
275	550
276	276
277	554
278	0
279	558
280	0
281	0
282	282
283	283
284	0
285	285
286	0
287	287
288	288
289	0
290	0
291	0
292	0
293	0
294	0
295	0
296	0
297	297
298	0
299	0
300	300
301	0
302	302
303	0
304	0
305	0
306	0
307	0
308	0
309	0
310	0
311	0
312	0
313	0
314	0
315	0
316	0
317	0
318	0
319	0
320	0
321	0
322	0
323	0
324	0
325	0
326	0
327	0
328	0
329	0
330	0
331	0
332	0
333	0
334	0
335	0
336	0
337	0
338	338
339	0
340	0
341	0
342	342
343	0
344	0
345	0
