Time passed: 262144	At 200.000000K
0	0
1	108
2	270
3	267
4	488
5	605
6	660
7	658
8	720
9	819
10	1250
11	1056
12	1260
13	1521
14	1484
15	1725
16	1520
17	1496
18	1854
19	2223
20	1820
21	2247
22	2244
23	2484
24	2328
25	2300
26	2392
27	2187
28	2352
29	3161
30	3180
31	2852
32	3616
33	3630
34	3298
35	2310
36	3456
37	3219
38	3496
39	3315
40	3640
41	4059
42	3822
43	3440
44	4356
45	3690
46	4002
47	4324
48	4032
49	4802
50	3800
51	3672
52	4368
53	4770
54	4806
55	5775
56	4424
57	4047
58	4698
59	5074
60	4260
61	4514
62	4464
63	4095
64	5056
65	4550
66	4488
67	5025
68	5576
69	5934
70	5950
71	6248
72	5328
73	5694
74	4440
75	4800
76	6232
77	5698
78	5460
79	6083
80	6640
81	6156
82	5740
83	5727
84	7056
85	5610
86	6020
87	4176
88	6688
89	7476
90	6840
91	7007
92	6900
93	6603
94	6580
95	8075
96	6624
97	6984
98	6664
99	5544
100	6900
101	5959
102	8160
103	6180
104	6136
105	7560
106	6572
107	7383
108	6588
109	7739
110	8030
111	6660
112	6720
113	7006
114	7980
115	8855
116	6612
117	6552
118	7316
119	7735
120	8760
121	6413
122	6710
123	7872
124	7316
125	7125
126	7560
127	6858
128	6528
129	8514
130	6500
131	6550
132	8712
133	7581
134	7504
135	7965
136	7480
137	9453
138	6072
139	8201
140	8120
141	8742
142	9088
143	6864
144	8928
145	8845
146	5986
147	8379
148	5032
149	6854
150	7950
151	7399
152	9272
153	8109
154	6314
155	7130
156	8580
157	6594
158	8058
159	7314
160	6560
161	6762
162	7452
163	7661
164	7052
165	7590
166	7138
167	8350
168	7896
169	7267
170	5780
171	9234
172	7740
173	8304
174	8352
175	7525
176	6336
177	9027
178	6052
179	7160
180	7200
181	7240
182	9646
183	5856
184	6992
185	9065
186	6882
187	7667
188	6392
189	7182
190	7220
191	7258
192	8064
193	8685
194	6984
195	7800
196	7840
197	6698
198	8910
199	6766
200	8000
201	8442
202	8686
203	6902
204	6936
205	6355
206	10918
207	6624
208	7696
209	9405
210	10290
211	6963
212	8056
213	6816
214	6848
215	7955
216	9288
217	7378
218	7630
219	9855
220	7920
221	6409
222	7548
223	8251
224	5152
225	5850
226	8136
227	8626
228	6840
229	7786
230	7820
231	9702
232	5568
233	7689
234	7722
235	7755
236	5664
237	8769
238	7378
239	8604
240	8160
241	6025
242	9438
243	5832
244	6588
245	8820
246	6396
247	5928
248	7688
249	8715
250	7750
251	5773
252	7560
253	6072
254	6858
255	9690
256	6656
257	6425
258	6708
259	6993
260	5200
261	10179
262	7074
263	8942
264	8448
265	5300
266	5586
267	5874
268	4556
269	6187
270	8370
271	8130
272	7072
273	6825
274	8220
275	7150
276	6348
277	5263
278	8340
279	10323
280	7560
281	6182
282	6486
283	6792
284	9088
285	6270
286	6864
287	7749
288	5760
289	7803
290	6960
291	6402
292	5548
293	6739
294	9114
295	5900
296	9472
297	5940
298	5960
299	6578
300	6900
301	6923
302	5436
303	3333
304	5168
305	5185
306	5814
307	7368
308	6160
309	5871
310	6200
311	5909
312	4368
313	6886
314	5966
315	5985
316	6004
317	8242
318	7950
319	6061
320	6080
321	5457
322	6440
323	4845
324	5184
325	4875
326	4564
327	4251
328	4264
329	2961
330	5280
331	5958
332	4648
333	3330
334	5678
335	5025
336	4368
337	6403
338	6084
339	5085
340	5440
341	5797
342	6156
343	5488
344	6192
345	7590
346	4498
347	7287
348	4176
349	3839
350	4550
351	4563
352	5632
353	3883
354	4956
355	6035
356	5696
357	4284
358	2148
359	3949
360	6480
361	4332
362	5792
363	5082
364	4004
365	4380
366	4026
367	5872
368	4784
369	6273
370	5550
371	2968
372	9672
373	7460
374	3366
375	3750
376	3008
377	4524
378	3780
379	6443
380	3040
381	6096
382	2674
383	5362
384	4992
385	5775
386	4632
387	3096
388	3880
389	3890
390	6240
391	3128
392	6272
393	4323
394	4334
395	5135
396	3564
397	4367
398	4378
399	5187
400	8800
401	3609
402	3618
403	4030
404	4444
405	5670
406	2436
407	4884
408	5304
409	4499
410	7790
411	4932
412	5768
413	3717
414	6210
415	5395
416	5408
417	4587
418	2926
419	3771
420	5460
421	3368
422	5064
423	3384
424	4664
425	4250
426	4260
427	4270
428	3424
429	3861
430	5160
431	3448
432	3888
433	6062
434	4340
435	3480
436	1744
437	5244
438	3504
439	7024
440	3080
441	3087
442	3094
443	2658
444	3996
445	3560
446	3122
447	4917
448	4480
449	2245
450	4500
451	902
452	5424
453	4983
454	3178
455	5460
456	3648
457	4570
458	5038
459	3213
460	4140
461	4149
462	4620
463	463
464	3248
465	1395
466	4194
467	6071
468	3276
469	2814
470	2350
471	5181
472	1888
473	1419
474	4740
475	3800
476	2856
477	4770
478	3346
479	3353
480	2880
481	2886
482	2892
483	4830
484	3872
485	2425
486	4374
487	1948
488	2928
489	978
490	2940
491	3928
492	4428
493	5916
494	1976
495	2475
496	3968
497	1988
498	1992
499	2495
500	3000
501	1503
502	5522
503	1509
504	4536
505	4545
506	5060
507	2028
508	2540
509	3054
510	3570
511	3577
512	512
513	2565
514	3084
515	3090
516	2064
517	3102
518	4662
519	2076
520	2600
521	3647
522	3132
523	1569
524	3668
525	2625
526	2104
527	2108
528	1584
529	3174
530	1590
531	531
532	2128
533	2665
534	1068
535	2140
536	536
537	2148
538	538
539	539
540	2700
541	2705
542	2168
543	2715
544	2720
545	1635
546	2184
547	2735
548	0
549	2745
550	550
551	1102
552	2208
553	2765
554	3324
555	1110
556	3336
557	2228
558	3906
559	1118
560	1680
561	1683
562	4496
563	3941
564	2256
565	2260
566	1132
567	1134
568	1136
569	2276
570	1140
571	1142
572	1144
573	1719
574	574
575	1725
576	2304
577	3462
578	1156
579	1158
580	1160
581	1162
582	2328
583	1749
584	2336
585	4095
586	1172
587	1761
588	2940
589	3534
590	1180
591	1773
592	1776
593	1779
594	2376
595	2380
596	1788
597	1791
598	1196
599	1198
600	1800
601	3606
602	1204
603	1206
604	1812
605	1815
606	2424
607	1214
608	0
609	3045
610	1830
611	1833
612	3060
613	613
614	1228
615	1230
616	616
617	1851
618	618
619	1857
620	2480
621	1242
622	622
623	623
624	624
625	1875
626	1252
627	1254
628	1256
629	1887
630	1260
631	1262
632	1896
633	1899
634	1268
635	1905
636	636
637	1911
638	1276
639	2556
640	1280
641	2564
642	2568
643	643
644	644
645	645
646	646
647	647
648	0
649	649
650	0
651	1302
652	1304
653	1306
654	0
655	655
656	0
657	1314
658	2632
659	0
660	0
661	1322
662	1324
663	663
664	0
665	0
666	666
667	667
668	1336
669	669
670	670
671	671
672	2688
673	1346
674	674
675	675
676	2704
677	1354
678	1356
679	0
680	0
681	0
682	2046
683	1366
684	684
685	2055
686	1372
687	1374
688	0
689	689
690	2070
691	1382
692	692
693	2079
694	0
695	0
696	696
697	0
698	698
699	699
700	700
701	701
702	3510
703	0
704	0
705	0
706	706
707	707
708	0
709	0
710	0
711	0
712	712
713	713
714	714
715	715
716	0
717	1434
718	0
719	719
720	720
721	1442
722	0
723	1446
724	0
725	1450
726	726
727	1454
728	0
729	729
730	730
731	731
732	0
733	0
734	734
735	735
736	736
737	1474
738	1476
739	0
740	0
741	741
742	0
743	1486
744	0
745	0
746	0
747	747
748	2244
749	0
750	1500
751	0
752	752
753	753
754	754
755	755
756	756
757	757
758	0
759	759
760	1520
761	0
762	762
763	763
764	1528
765	0
766	0
767	0
768	0
769	769
770	770
771	771
772	0
773	773
774	774
775	0
776	2328
777	777
778	0
779	0
780	780
781	781
782	0
783	2349
784	784
785	0
786	0
787	0
788	2364
789	0
790	1580
791	791
792	792
793	0
794	794
795	0
796	0
797	797
798	798
799	0
800	800
801	2403
802	0
803	0
804	0
805	805
806	0
807	0
808	0
809	0
810	0
811	0
812	0
813	0
814	0
815	0
816	0
817	0
818	818
819	0
820	0
821	0
822	0
823	823
824	0
825	0
826	826
827	827
828	0
829	829
830	0
831	0
832	832
833	0
834	0
835	835
836	1672
837	0
838	0
839	839
840	0
841	0
842	0
843	0
844	0
845	0
846	0
847	1694
848	848
849	0
850	0
851	0
852	0
853	0
854	0
855	855
856	856
857	857
858	0
859	0
860	860
861	0
862	0
863	863
864	0
865	865
866	0
867	1734
868	0
869	0
870	0
871	0
872	0
873	0
874	874
875	875
876	876
877	0
878	0
879	0
880	0
881	881
882	882
883	883
884	0
885	0
886	1772
887	0
888	0
889	0
890	0
891	0
892	0
893	0
894	0
895	0
896	0
897	0
898	0
899	0
900	0
901	0
902	0
903	0
904	904
905	0
906	0
907	0
908	0
909	0
910	0
911	0
912	0
913	0
914	0
915	0
916	0
917	0
918	0
919	0
920	920
921	0
922	0
923	0
924	0
925	0
926	0
927	927
928	0
929	0
930	0
931	0
932	0
933	0
934	1868
935	0
936	0
937	0
938	0
939	0
940	940
941	0
942	0
943	0
944	0
945	1890
946	0
947	0
948	0
949	0
950	0
951	0
952	952
953	0
954	0
955	0
956	0
957	957
958	0
959	0
960	1920
961	1922
962	0
963	0
964	0
965	0
966	0
967	0
968	0
969	0
970	0
971	0
972	0
973	0
974	0
975	0
976	976
977	0
978	0
979	0
980	0
981	0
982	0
983	0
984	0
985	985
986	0
987	0
988	0
989	0
990	0
991	0
992	0
993	0
994	0
995	0
996	0
997	0
998	0
999	0
1000	1000
1001	0
1002	0
1003	1003
1004	0
1005	0
1006	0
1007	0
1008	0
1009	0
1010	0
1011	0
1012	0
1013	0
1014	0
1015	0
1016	0
1017	0
1018	0
1019	0
1020	0
1021	0
1022	0
1023	0
1024	0
1025	0
1026	0
1027	0
1028	0
1029	0
1030	0
1031	0
1032	0
1033	0
1034	0
1035	0
1036	1036
1037	0
1038	0
1039	0
1040	0
1041	0
1042	0
1043	0
1044	0
1045	0
1046	0
1047	0
1048	0
1049	0
1050	0
1051	0
1052	0
1053	0
1054	0
1055	0
1056	0
1057	0
1058	0
1059	0
1060	0
1061	0
1062	0
1063	0
1064	0
1065	0
1066	0
1067	0
1068	0
1069	0
1070	0
1071	0
1072	0
1073	0
1074	0
1075	0
1076	0
1077	0
1078	0
1079	0
1080	0
1081	0
1082	0
1083	0
1084	0
1085	0
1086	0
1087	0
1088	0
1089	0
1090	0
1091	0
1092	0
1093	0
1094	0
1095	0
1096	0
1097	0
1098	0
1099	0
1100	0
1101	0
1102	0
1103	0
1104	0
1105	0
1106	0
1107	0
1108	0
1109	0
1110	0
1111	0
1112	0
1113	0
1114	0
1115	0
1116	0
1117	0
1118	0
1119	0
1120	0
1121	0
1122	0
1123	0
1124	0
1125	0
1126	0
1127	0
1128	0
1129	0
1130	0
1131	0
1132	0
1133	0
1134	0
1135	0
1136	0
1137	0
1138	0
1139	0
1140	0
1141	0
1142	0
1143	0
1144	0
1145	0
1146	0
1147	0
1148	0
1149	0
1150	0
1151	0
1152	0
1153	0
1154	0
1155	0
1156	0
1157	0
1158	0
1159	0
1160	0
1161	0
1162	0
1163	0
1164	0
1165	0
1166	0
1167	0
1168	0
1169	0
1170	0
1171	0
1172	0
1173	0
1174	0
1175	0
1176	0
1177	0
1178	0
1179	0
1180	0
1181	0
1182	0
1183	0
1184	0
1185	0
1186	0
1187	0
1188	0
1189	0
1190	0
1191	0
1192	0
1193	0
1194	0
1195	0
1196	0
1197	0
1198	0
1199	0
1200	0
1201	0
1202	0
1203	0
1204	0
1205	0
1206	0
1207	0
1208	0
1209	0
1210	0
1211	0
1212	0
1213	0
1214	0
1215	0
1216	0
1217	0
1218	0
1219	0
1220	0
1221	0
1222	0
1223	0
1224	0
1225	0
1226	0
1227	0
1228	0
1229	0
1230	0
1231	0
1232	0
1233	0
1234	0
1235	0
1236	0
1237	0
1238	0
1239	0
1240	0
1241	0
1242	0
1243	0
1244	0
1245	0
1246	0
1247	0
1248	0
1249	0
1250	0
1251	0
1252	0
1253	0
1254	0
1255	0
1256	0
1257	0
1258	0
1259	0
1260	0
1261	0
1262	0
1263	0
1264	0
1265	0
1266	0
1267	0
1268	0
1269	0
1270	0
1271	0
1272	0
1273	0
1274	0
1275	0
1276	0
1277	0
1278	0
