Time passed: 4194304	At 200.000000K
0	0
1	87
2	184
3	291
4	436
5	455
6	594
7	805
8	720
9	846
10	980
11	1133
12	1080
13	1183
14	1484
15	1365
16	1424
17	1717
18	1656
19	1653
20	1840
21	2205
22	1958
23	1978
24	1728
25	2425
26	2106
27	2052
28	2744
29	3045
30	2010
31	2728
32	2880
33	2706
34	3162
35	2800
36	3024
37	2516
38	3116
39	2847
40	4000
41	3485
42	3360
43	3354
44	2552
45	4455
46	3588
47	3713
48	3312
49	3430
50	3500
51	4080
52	4056
53	4452
54	4590
55	4070
56	4480
57	5358
58	4524
59	4425
60	4260
61	4880
62	4216
63	5859
64	4416
65	4745
66	4026
67	4958
68	4420
69	4347
70	4410
71	4189
72	5040
73	4745
74	5402
75	4800
76	5548
77	4312
78	6240
79	4582
80	4400
81	6804
82	4838
83	4814
84	4536
85	5185
86	6880
87	5916
88	5280
89	5340
90	6480
91	4277
92	5980
93	5301
94	7238
95	5035
96	5664
97	6402
98	6566
99	5247
100	5000
101	6363
102	5100
103	7416
104	5512
105	6720
106	5088
107	6313
108	6480
109	5450
110	6490
111	6216
112	5712
113	7345
114	5586
115	6095
116	6496
117	8073
118	6254
119	7497
120	6960
121	6776
122	7198
123	7626
124	7688
125	6125
126	7182
127	5461
128	6144
129	5805
130	7410
131	6419
132	7392
133	8512
134	6566
135	7425
136	6256
137	7398
138	5934
139	6811
140	6300
141	5640
142	8236
143	9438
144	6624
145	7105
146	7008
147	6909
148	7548
149	8046
150	8250
151	7399
152	6080
153	6885
154	6930
155	5890
156	7956
157	9263
158	7268
159	7314
160	7840
161	5635
162	5994
163	7824
164	7872
165	7095
166	6806
167	6346
168	8232
169	5915
170	7480
171	7182
172	10148
173	8304
174	6090
175	7350
176	6864
177	9027
178	7298
179	7339
180	9360
181	6697
182	7098
183	5856
184	7728
185	8510
186	6882
187	7480
188	5828
189	3780
190	9880
191	9741
192	7872
193	7913
194	7760
195	7215
196	7252
197	9653
198	7326
199	5970
200	6400
201	8844
202	5252
203	9135
204	7140
205	8405
206	9888
207	7038
208	6864
209	7733
210	7140
211	6963
212	7632
213	4686
214	5136
215	7740
216	6912
217	4991
218	7194
219	8103
220	8140
221	8398
222	5328
223	6021
224	4928
225	6750
226	8814
227	4994
228	5928
229	5954
230	6900
231	8547
232	6496
233	6058
234	8658
235	6110
236	6136
237	8295
238	5950
239	8365
240	6240
241	5543
242	7018
243	7047
244	7320
245	8085
246	7380
247	7163
248	10912
249	5478
250	9500
251	6275
252	5292
253	6072
254	6858
255	4845
256	7680
257	6168
258	5676
259	7252
260	8060
261	4698
262	7074
263	5786
264	6600
265	7685
266	8246
267	8811
268	8308
269	8070
270	7830
271	9756
272	4896
273	7098
274	6850
275	7150
276	4968
277	5817
278	8062
279	5301
280	7840
281	7587
282	7332
283	8490
284	9372
285	7980
286	6864
287	8610
288	10368
289	8670
290	4060
291	7275
292	6716
293	6153
294	6468
295	8555
296	11544
297	7128
298	8940
299	9568
300	8400
301	5418
302	7852
303	5757
304	7904
305	7625
306	6732
307	3991
308	7392
309	7725
310	6820
311	7775
312	7800
313	4695
314	5966
315	5985
316	4740
317	6657
318	3816
319	7337
320	7360
321	5778
322	5474
323	6460
324	4212
325	5850
326	6520
327	8502
328	4920
329	4606
330	4950
331	3972
332	8300
333	7659
334	4676
335	6030
336	4368
337	5055
338	6084
339	5085
340	7480
341	6820
342	7182
343	4116
344	6192
345	5520
346	3460
347	5899
348	8352
349	5235
350	5250
351	7020
352	7392
353	4589
354	7434
355	4260
356	4272
357	6426
358	7160
359	4308
360	5400
361	4693
362	6154
363	6534
364	4368
365	6935
366	5124
367	4037
368	5520
369	7749
370	6290
371	5194
372	10044
373	7833
374	4862
375	4875
376	3760
377	5655
378	5670
379	4169
380	5700
381	6096
382	3820
383	5362
384	6912
385	2310
386	3860
387	6192
388	6596
389	5835
390	5070
391	5083
392	4312
393	8646
394	7486
395	6715
396	6336
397	5955
398	4378
399	4788
400	2000
401	4411
402	4422
403	6851
404	7676
405	6885
406	6902
407	5698
408	2448
409	4499
410	2870
411	4932
412	4532
413	5369
414	5796
415	4980
416	7488
417	9174
418	1672
419	2514
420	3780
421	5473
422	5064
423	4653
424	7632
425	2550
426	4260
427	3843
428	7704
429	4290
430	5590
431	6465
432	4752
433	6495
434	3472
435	6090
436	4796
437	5244
438	4818
439	5707
440	3960
441	2205
442	2652
443	7088
444	4884
445	3115
446	5798
447	4470
448	5376
449	8082
450	4050
451	4961
452	4068
453	4530
454	3178
455	7280
456	2280
457	6855
458	2748
459	4590
460	5520
461	4149
462	5082
463	7871
464	6032
465	5115
466	4194
467	3269
468	5148
469	3283
470	3760
471	3297
472	2832
473	3311
474	4266
475	4750
476	4284
477	6678
478	4302
479	2395
480	3840
481	3367
482	4820
483	3864
484	6292
485	4850
486	4374
487	5844
488	3904
489	3423
490	3920
491	4910
492	6396
493	3451
494	4940
495	3960
496	1984
497	1491
498	3984
499	2994
500	5500
501	2505
502	6526
503	4527
504	3528
505	5555
506	5566
507	2535
508	3556
509	4581
510	4590
511	4088
512	4096
513	2052
514	2570
515	5150
516	3096
517	5170
518	7770
519	3633
520	4160
521	3126
522	5742
523	3138
524	2096
525	4725
526	1578
527	4743
528	6336
529	2116
530	3180
531	5310
532	4788
533	2665
534	2136
535	5350
536	4824
537	3759
538	3228
539	3773
540	4860
541	7574
542	2168
543	1629
544	2720
545	4905
546	1638
547	6017
548	3836
549	2196
550	1650
551	3857
552	4968
553	4977
554	2770
555	3885
556	2224
557	2228
558	3348
559	2236
560	5040
561	561
562	3372
563	2815
564	2820
565	2825
566	3396
567	2835
568	4544
569	1138
570	3990
571	3426
572	1716
573	4584
574	1722
575	4025
576	2880
577	2308
578	2312
579	2895
580	4640
581	3486
582	4656
583	3498
584	2920
585	1170
586	1172
587	2935
588	4704
589	1178
590	2360
591	3546
592	5328
593	1779
594	1782
595	3570
596	596
597	2388
598	1794
599	3594
600	2400
601	1803
602	602
603	4221
604	1812
605	605
606	1212
607	1821
608	1216
609	1827
610	1220
611	2444
612	6120
613	613
614	2456
615	1845
616	2464
617	2468
618	4326
619	3714
620	4340
621	2484
622	3110
623	623
624	2496
625	3750
626	2504
627	1254
628	3768
629	2516
630	1260
631	4417
632	2528
633	5697
634	634
635	3175
636	3816
637	2548
638	2552
639	1917
640	0
641	1923
642	3852
643	2572
644	1288
645	2580
646	4522
647	647
648	648
649	1947
650	3250
651	3906
652	1956
653	1959
654	2616
655	3275
656	0
657	3942
658	3290
659	1977
660	1980
661	3305
662	1324
663	1989
664	2656
665	665
666	3330
667	1334
668	4008
669	2007
670	670
671	4026
672	1344
673	4038
674	4044
675	1350
676	676
677	0
678	2712
679	1358
680	2040
681	2724
682	2046
683	0
684	1368
685	685
686	1372
687	2748
688	1376
689	2067
690	1380
691	3455
692	2076
693	1386
694	2776
695	3475
696	2784
697	1394
698	698
699	3495
700	2800
701	2804
702	3510
703	2812
704	1408
705	705
706	3530
707	2121
708	708
709	709
710	2130
711	1422
712	2136
713	1426
714	2142
715	1430
716	1432
717	2151
718	1436
719	1438
720	2160
721	2163
722	3610
723	723
724	2172
725	2900
726	2178
727	727
728	0
729	3645
730	730
731	2193
732	2196
733	1466
734	1468
735	2940
736	3680
737	2211
738	738
739	1478
740	1480
741	1482
742	2968
743	2229
744	2232
745	1490
746	2984
747	747
748	0
749	749
750	2250
751	3004
752	0
753	2259
754	2262
755	1510
756	1512
757	1514
758	758
759	759
760	1520
761	1522
762	762
763	1526
764	1528
765	0
766	766
767	767
768	768
769	1538
770	3080
771	1542
772	1544
773	3092
774	0
775	775
776	3880
777	0
778	0
779	0
780	2340
781	3124
782	1564
783	783
784	0
785	785
786	3144
787	2361
788	788
789	2367
790	1580
791	1582
792	2376
793	1586
794	3970
795	795
796	0
797	3188
798	3192
799	1598
800	1600
801	0
802	2406
803	803
804	1608
805	3220
806	1612
807	3228
808	2424
809	2427
810	1620
811	1622
812	0
813	813
814	2442
815	815
816	1632
817	1634
818	0
819	2457
820	0
821	1642
822	1644
823	823
824	824
825	3300
826	826
827	1654
828	1656
829	1658
830	830
831	0
832	0
833	0
834	0
835	835
836	836
837	0
838	838
839	2517
840	840
841	841
842	2526
843	843
844	1688
845	845
846	846
847	1694
848	1696
849	849
850	850
851	1702
852	3408
853	1706
854	1708
855	855
856	2568
857	0
858	858
859	859
860	860
861	861
862	862
863	1726
864	864
865	3460
866	0
867	867
868	868
869	0
870	870
871	0
872	0
873	0
874	1748
875	0
876	3504
877	2631
878	3512
879	879
880	880
881	0
882	1764
883	2649
884	0
885	885
886	886
887	0
888	888
889	0
890	1780
891	1782
892	0
893	0
894	2682
895	0
896	896
897	897
898	898
899	1798
900	900
901	1802
902	0
903	2709
904	3616
905	0
906	906
907	907
908	0
909	909
910	1820
911	0
912	2736
913	0
914	914
915	915
916	2748
917	0
918	0
919	919
920	0
921	921
922	922
923	0
924	0
925	925
926	0
927	927
928	928
929	0
930	1860
931	931
932	0
933	1866
934	0
935	0
936	0
937	1874
938	0
939	0
940	940
941	941
942	942
943	943
944	1888
945	0
946	1892
947	947
948	948
949	0
950	0
951	951
952	0
953	0
954	954
955	955
956	956
957	2871
958	0
959	1918
960	960
961	0
962	0
963	0
964	0
965	965
966	966
967	0
968	0
969	0
970	970
971	2913
972	0
973	973
974	0
975	975
976	976
977	977
978	0
979	0
980	0
981	0
982	1964
983	1966
984	0
985	985
986	1972
987	0
988	0
989	1978
990	1980
991	991
992	992
993	0
994	1988
995	0
996	996
997	1994
998	998
999	0
1000	2000
1001	0
1002	0
1003	2006
1004	2008
1005	0
1006	1006
1007	1007
1008	0
1009	1009
1010	0
1011	2022
1012	0
1013	0
1014	0
1015	1015
1016	0
1017	2034
1018	3054
1019	2038
1020	0
1021	1021
1022	0
1023	2046
1024	0
1025	0
1026	2052
1027	0
1028	3084
1029	1029
1030	1030
1031	0
1032	0
1033	2066
1034	1034
1035	0
1036	1036
1037	0
1038	0
1039	0
1040	0
1041	0
1042	0
1043	0
1044	0
1045	1045
1046	1046
1047	1047
1048	1048
1049	0
1050	0
1051	2102
1052	1052
1053	0
1054	0
1055	0
1056	0
1057	0
1058	0
1059	1059
1060	1060
1061	0
1062	0
1063	1063
1064	0
1065	1065
1066	0
1067	0
1068	2136
1069	0
1070	0
1071	0
1072	0
1073	1073
1074	0
1075	0
1076	0
1077	0
1078	0
1079	0
1080	1080
1081	1081
1082	1082
1083	1083
1084	0
1085	1085
1086	0
1087	1087
1088	0
1089	0
1090	2180
1091	0
1092	1092
1093	1093
1094	0
1095	0
1096	0
1097	1097
1098	0
1099	0
1100	1100
1101	1101
1102	0
1103	0
1104	1104
1105	0
1106	1106
1107	1107
1108	0
1109	0
1110	0
1111	1111
1112	1112
1113	0
1114	0
1115	1115
1116	1116
1117	0
1118	0
1119	0
1120	0
1121	1121
1122	0
1123	0
1124	0
1125	0
1126	0
1127	0
1128	0
1129	0
1130	1130
1131	1131
1132	0
1133	0
1134	0
1135	0
1136	0
1137	1137
1138	0
1139	0
1140	0
1141	0
1142	1142
1143	0
1144	0
1145	0
1146	0
1147	0
1148	1148
1149	0
1150	0
1151	0
1152	1152
1153	1153
1154	0
1155	1155
1156	0
1157	3471
1158	1158
1159	0
1160	0
1161	0
1162	0
1163	0
1164	0
1165	0
1166	1166
1167	1167
1168	1168
1169	0
1170	2340
1171	0
1172	1172
1173	0
1174	0
1175	0
1176	0
1177	1177
1178	0
1179	1179
1180	1180
1181	0
1182	1182
1183	0
1184	0
1185	0
1186	1186
1187	1187
1188	0
1189	0
1190	0
1191	1191
1192	0
1193	0
1194	1194
1195	0
1196	1196
1197	0
1198	2396
1199	0
1200	0
1201	0
1202	0
1203	0
1204	0
1205	0
1206	0
1207	0
1208	0
1209	0
1210	0
1211	0
1212	1212
1213	0
1214	0
1215	0
1216	0
1217	1217
1218	0
1219	0
1220	0
1221	0
1222	0
1223	0
1224	0
1225	0
1226	0
1227	0
1228	0
1229	1229
1230	1230
1231	0
1232	0
1233	0
1234	0
1235	0
1236	0
1237	0
1238	1238
1239	0
1240	0
1241	0
1242	0
1243	0
1244	0
1245	1245
1246	0
1247	0
1248	0
1249	0
1250	0
1251	0
1252	0
1253	0
1254	0
1255	0
1256	0
1257	0
1258	0
1259	0
1260	0
1261	0
1262	0
1263	0
1264	1264
1265	0
1266	0
1267	0
1268	0
1269	0
1270	0
1271	0
1272	0
1273	0
1274	0
1275	0
1276	0
1277	0
1278	0
1279	0
1280	0
1281	0
1282	1282
1283	0
1284	0
1285	0
1286	0
1287	0
1288	0
1289	0
1290	1290
1291	0
1292	0
1293	0
1294	0
1295	0
1296	0
1297	0
1298	0
1299	0
1300	0
1301	0
1302	0
1303	0
1304	1304
1305	0
1306	0
1307	0
1308	1308
1309	1309
1310	0
1311	0
1312	1312
1313	0
1314	0
1315	0
1316	0
1317	1317
1318	0
1319	0
1320	0
1321	1321
1322	0
1323	0
1324	0
1325	0
1326	0
1327	0
1328	1328
1329	0
1330	0
1331	0
1332	0
1333	0
1334	0
1335	1335
1336	1336
1337	0
1338	0
1339	1339
1340	1340
1341	0
1342	0
1343	0
1344	0
1345	0
1346	0
1347	0
1348	0
1349	0
1350	0
1351	0
1352	0
1353	1353
1354	0
1355	2710
1356	0
1357	0
1358	0
1359	0
1360	1360
1361	0
1362	0
1363	1363
1364	1364
1365	1365
1366	0
1367	0
1368	1368
1369	1369
1370	0
1371	0
1372	0
1373	0
1374	0
1375	0
1376	0
1377	0
1378	1378
1379	0
1380	0
1381	0
1382	0
1383	1383
1384	1384
1385	0
1386	0
1387	0
1388	0
1389	0
1390	0
1391	0
1392	1392
1393	0
1394	0
1395	0
1396	2792
1397	0
1398	0
1399	0
1400	0
1401	0
1402	0
1403	0
1404	0
1405	0
1406	0
1407	0
1408	0
1409	0
1410	0
1411	0
1412	0
1413	0
1414	0
1415	0
1416	0
1417	0
1418	0
1419	1419
1420	0
1421	0
1422	0
1423	0
1424	0
1425	0
1426	1426
1427	0
1428	0
1429	0
1430	0
1431	0
1432	0
1433	0
1434	0
1435	0
1436	0
1437	1437
1438	0
1439	0
1440	0
1441	0
1442	0
1443	0
1444	0
1445	0
1446	1446
1447	0
1448	0
1449	0
1450	0
1451	0
1452	1452
1453	0
1454	1454
1455	0
1456	0
1457	0
1458	0
1459	0
1460	0
1461	0
1462	0
1463	1463
1464	0
1465	0
1466	0
1467	0
1468	0
1469	0
1470	0
1471	0
1472	1472
1473	0
1474	0
1475	0
1476	0
1477	0
1478	0
1479	0
1480	0
1481	0
1482	0
1483	0
1484	0
1485	0
1486	0
1487	0
1488	0
1489	0
1490	0
1491	0
1492	0
1493	0
1494	0
1495	0
1496	0
1497	0
1498	0
1499	0
1500	0
1501	0
1502	0
1503	0
1504	0
1505	0
1506	1506
1507	0
1508	1508
1509	0
1510	0
1511	0
1512	0
1513	0
1514	0
1515	0
1516	1516
1517	0
1518	0
1519	0
1520	0
1521	0
1522	0
1523	0
1524	0
1525	0
1526	0
1527	0
1528	0
1529	0
1530	0
1531	0
1532	0
1533	0
1534	0
1535	0
1536	0
1537	0
1538	0
1539	0
1540	0
1541	0
1542	0
1543	0
1544	0
1545	0
1546	0
1547	0
1548	0
1549	0
1550	0
1551	0
1552	0
1553	0
1554	0
1555	0
1556	0
1557	0
1558	0
1559	0
1560	0
1561	1561
1562	0
1563	0
1564	0
1565	0
1566	0
1567	0
1568	0
1569	0
1570	0
1571	0
1572	0
1573	0
1574	0
1575	0
1576	0
1577	0
1578	0
1579	0
1580	0
1581	0
1582	0
1583	0
1584	0
1585	0
1586	0
1587	0
1588	0
1589	0
1590	0
1591	0
1592	0
1593	0
1594	1594
1595	0
1596	0
1597	0
1598	0
1599	0
1600	0
1601	0
1602	0
1603	0
1604	0
1605	0
1606	0
1607	0
1608	0
1609	0
1610	0
1611	0
1612	0
1613	0
1614	0
1615	0
1616	0
1617	0
1618	0
1619	0
1620	0
1621	0
1622	0
1623	0
1624	0
1625	0
1626	0
1627	0
1628	0
1629	1629
1630	0
1631	0
1632	0
1633	0
1634	0
1635	0
1636	0
1637	1637
1638	1638
1639	0
1640	0
1641	0
1642	0
1643	0
1644	0
1645	0
1646	0
1647	0
1648	0
1649	0
1650	0
1651	0
1652	0
1653	0
1654	0
1655	0
1656	0
1657	0
1658	0
1659	0
1660	1660
1661	0
1662	0
1663	0
1664	0
1665	0
1666	0
1667	0
1668	0
1669	0
1670	0
1671	0
1672	0
1673	0
1674	0
1675	0
1676	0
1677	0
1678	0
1679	0
1680	0
1681	0
1682	0
1683	0
1684	0
1685	0
1686	0
1687	0
1688	0
1689	0
1690	0
1691	0
1692	0
1693	0
1694	0
1695	0
1696	0
1697	0
1698	0
1699	0
1700	0
1701	0
1702	0
1703	0
1704	0
1705	0
1706	0
1707	0
1708	0
1709	0
1710	0
1711	1711
1712	0
1713	0
1714	0
1715	0
1716	0
1717	0
1718	0
1719	0
1720	0
1721	0
1722	0
1723	0
1724	0
1725	0
1726	0
1727	1727
1728	0
1729	0
1730	0
1731	0
1732	0
1733	0
1734	0
1735	0
1736	0
1737	1737
1738	0
1739	0
1740	0
1741	0
1742	0
1743	0
1744	0
1745	0
1746	0
1747	0
1748	0
1749	1749
1750	0
1751	0
1752	0
1753	0
1754	0
1755	0
1756	0
1757	0
1758	0
1759	0
1760	0
1761	0
1762	0
1763	0
1764	1764
1765	0
1766	0
1767	0
1768	0
1769	0
1770	0
1771	0
1772	1772
1773	0
1774	0
1775	0
1776	0
1777	0
1778	0
1779	0
1780	0
1781	0
1782	0
1783	0
1784	0
1785	0
1786	0
1787	0
1788	0
1789	0
1790	0
1791	0
1792	0
1793	1793
1794	0
1795	0
1796	0
1797	0
1798	0
1799	0
1800	0
1801	0
1802	0
1803	0
1804	0
1805	0
1806	0
1807	0
1808	0
1809	0
1810	0
1811	0
1812	0
1813	0
1814	0
1815	0
1816	0
1817	0
1818	0
1819	0
1820	0
1821	0
1822	0
1823	0
1824	0
1825	0
1826	0
1827	0
1828	0
1829	0
1830	0
1831	0
1832	0
1833	0
1834	0
1835	0
1836	0
1837	0
1838	0
1839	0
1840	0
1841	0
1842	1842
1843	0
1844	0
1845	0
1846	0
1847	0
1848	0
1849	0
1850	0
1851	0
1852	0
1853	0
1854	0
1855	0
1856	0
1857	0
1858	0
1859	0
1860	0
1861	0
1862	0
1863	0
1864	0
1865	0
1866	0
1867	0
1868	0
1869	0
1870	0
1871	0
1872	0
1873	0
1874	0
1875	0
1876	0
1877	0
1878	0
1879	0
1880	0
1881	0
1882	0
1883	0
1884	0
1885	0
1886	0
1887	0
1888	0
1889	0
1890	0
1891	0
1892	0
1893	0
1894	0
1895	0
1896	0
1897	0
1898	0
1899	0
1900	0
1901	0
1902	0
1903	0
1904	0
1905	0
1906	0
1907	0
1908	0
1909	0
1910	0
1911	0
1912	0
1913	0
1914	0
1915	0
1916	0
1917	0
1918	0
1919	0
1920	0
1921	0
1922	0
1923	0
1924	0
1925	0
1926	0
1927	0
1928	0
1929	0
1930	0
1931	0
1932	0
1933	0
1934	0
1935	0
1936	0
1937	0
1938	0
1939	0
1940	0
1941	0
1942	0
1943	0
1944	0
1945	0
1946	0
1947	0
1948	0
1949	0
1950	0
1951	0
1952	0
1953	0
1954	0
1955	0
1956	0
1957	0
1958	0
1959	0
1960	0
1961	0
1962	0
1963	0
1964	0
