Time passed: 512	At 200.000000K
0	0
1	1025
2	2002
3	2841
4	3988
5	4675
6	5526
7	6118
8	7464
9	7218
10	8210
11	8217
12	9372
13	9425
14	9142
15	9195
16	9296
17	9333
18	9360
19	8474
20	8700
21	8610
22	8096
23	7291
24	6744
25	7025
26	6292
27	6021
28	5572
29	5510
30	5070
31	4371
32	3168
33	4026
34	2822
35	2485
36	2592
37	1887
38	1748
39	1599
40	1280
41	1271
42	1176
43	989
44	880
45	720
46	690
47	611
48	288
49	294
50	350
51	255
52	364
53	159
54	162
55	110
56	56
57	0
58	58
59	59
60	0
61	61
62	0
63	0
64	0
65	0
66	0
