Time passed: 524288	At 200.000000K
0	0
1	97
2	200
3	327
4	432
5	560
6	552
7	756
8	872
9	774
10	1020
11	1133
12	1248
13	1378
14	1554
15	1590
16	1456
17	1649
18	1764
19	1710
20	1920
21	2121
22	2486
23	2001
24	2256
25	2425
26	2730
27	2322
28	2352
29	3016
30	2910
31	2976
32	3232
33	2970
34	2856
35	3080
36	3240
37	2923
38	2926
39	2964
40	3120
41	3731
42	3276
43	3870
44	3388
45	3330
46	3818
47	3290
48	3840
49	4018
50	4300
51	3927
52	4316
53	3975
54	3618
55	4290
56	4984
57	4617
58	4988
59	3894
60	5100
61	4453
62	6820
63	4599
64	5056
65	5525
66	4686
67	4824
68	4012
69	5865
70	4690
71	5041
72	4968
73	4672
74	4810
75	4950
76	4712
77	4774
78	5304
79	5767
80	5360
81	6156
82	6150
83	5395
84	6132
85	5610
86	4902
87	7395
88	5280
89	6586
90	5850
91	5460
92	5704
93	5115
94	5452
95	5890
96	6144
97	4559
98	5978
99	6831
100	6100
101	6666
102	7038
103	7931
104	6240
105	6405
106	6996
107	7704
108	6048
109	6104
110	6600
111	6660
112	5600
113	5537
114	6384
115	7360
116	6380
117	7254
118	6372
119	6188
120	6600
121	6534
122	5612
123	7134
124	5952
125	6125
126	8190
127	5969
128	7168
129	6450
130	6760
131	7860
132	6468
133	6783
134	6968
135	7425
136	7344
137	6576
138	6762
139	8062
140	7000
141	7191
142	6958
143	7150
144	7056
145	8265
146	6278
147	6615
148	6068
149	6854
150	7500
151	6946
152	6688
153	9027
154	6930
155	8370
156	7176
157	7850
158	6320
159	7791
160	8160
161	6118
162	8424
163	7498
164	6724
165	9735
166	5644
167	8183
168	7896
169	6084
170	9180
171	4959
172	7224
173	8823
174	6786
175	7350
176	6864
177	6726
178	9078
179	7518
180	7020
181	8326
182	7280
183	7320
184	7176
185	7955
186	7440
187	8041
188	8272
189	8127
190	7410
191	6303
192	7104
193	6755
194	10088
195	5850
196	6860
197	7683
198	7920
199	5373
200	7200
201	8844
202	8686
203	6699
204	6324
205	8405
206	6180
207	5589
208	4784
209	6688
210	7350
211	7174
212	7844
213	9372
214	7918
215	7310
216	6264
217	5859
218	7848
219	7446
220	10120
221	5746
222	9102
223	8697
224	6720
225	6075
226	7232
227	6356
228	8664
229	6641
230	7590
231	6930
232	6728
233	9320
234	8190
235	6110
236	9440
237	6162
238	9044
239	6453
240	8640
241	6989
242	7986
243	9720
244	8540
245	6125
246	7134
247	6175
248	6200
249	4233
250	4500
251	8785
252	8568
253	6325
254	8128
255	7905
256	7936
257	7453
258	6450
259	11137
260	6760
261	6525
262	8646
263	7101
264	6600
265	6890
266	8246
267	7476
268	6968
269	7801
270	7560
271	6504
272	5984
273	7371
274	4384
275	5775
276	5244
277	6094
278	8062
279	4464
280	5880
281	8430
282	7332
283	9056
284	8236
285	6840
286	6578
287	4879
288	5760
289	8092
290	6670
291	8148
292	7884
293	7911
294	8820
295	6785
296	4736
297	6534
298	5066
299	7475
300	6300
301	6321
302	6040
303	5757
304	6384
305	7930
306	7344
307	8289
308	5544
309	6489
310	4960
311	6220
312	4992
313	5947
314	6908
315	5985
316	5688
317	6340
318	5406
319	7656
320	4800
321	8025
322	5796
323	7106
324	3564
325	6175
326	5542
327	6540
328	6560
329	4935
330	5610
331	5958
332	6972
333	6660
334	6012
335	9045
336	5376
337	5729
338	6422
339	6441
340	6460
341	5115
342	5130
343	4802
344	7568
345	8280
346	5536
347	4164
348	6612
349	5933
350	5950
351	5967
352	5280
353	5648
354	4956
355	3905
356	3916
357	5355
358	4654
359	7180
360	7560
361	5054
362	3982
363	6897
364	6188
365	5840
366	6222
367	6606
368	5152
369	4797
370	6290
371	4452
372	4836
373	6714
374	4114
375	6000
376	6768
377	4901
378	5670
379	4169
380	4180
381	5334
382	5348
383	6128
384	4224
385	3080
386	5018
387	3870
388	6208
389	5446
390	7410
391	5865
392	5096
393	4716
394	4334
395	5530
396	4752
397	4367
398	7562
399	3990
400	4400
401	8822
402	6432
403	6045
404	6060
405	6075
406	5684
407	4884
408	6528
409	5317
410	4510
411	5343
412	4120
413	2478
414	4554
415	8715
416	4160
417	5004
418	3344
419	4609
420	5460
421	5473
422	5908
423	3807
424	3816
425	6800
426	6390
427	8540
428	2568
429	2574
430	3870
431	5172
432	6048
433	3464
434	5208
435	3480
436	5668
437	4370
438	3066
439	6585
440	6160
441	6174
442	2652
443	2215
444	3108
445	3115
446	4906
447	4917
448	3584
449	4490
450	3150
451	4961
452	5424
453	6795
454	2724
455	5005
456	5472
457	5027
458	2748
459	2754
460	4600
461	3227
462	6468
463	4167
464	4176
465	2790
466	5592
467	2335
468	3276
469	3283
470	3290
471	2826
472	4248
473	4730
474	4266
475	4275
476	6188
477	4770
478	5736
479	1916
480	4320
481	3848
482	5302
483	5313
484	4840
485	3880
486	7776
487	4870
488	2928
489	2934
490	3430
491	1964
492	4920
493	2958
494	6422
495	3465
496	5456
497	4473
498	2988
499	4990
500	4000
501	6513
502	3514
503	3521
504	5040
505	3535
506	7084
507	2535
508	5588
509	4581
510	3570
511	2044
512	1024
513	2052
514	2570
515	3090
516	2064
517	5687
518	5180
519	5190
520	3120
521	4168
522	3654
523	3138
524	5764
525	5775
526	3682
527	5270
528	1056
529	4232
530	2650
531	3717
532	2128
533	4797
534	2136
535	1605
536	2680
537	4833
538	5380
539	2156
540	3780
541	1082
542	3252
543	4344
544	2720
545	2725
546	3822
547	4376
548	4384
549	3294
550	1650
551	5510
552	3312
553	2765
554	2216
555	1110
556	3892
557	5013
558	3906
559	3913
560	2240
561	4488
562	2248
563	1126
564	2256
565	3955
566	5094
567	2268
568	1704
569	2276
570	3420
571	2284
572	1144
573	1146
574	1722
575	2875
576	4608
577	2885
578	2890
579	5790
580	2320
581	4648
582	1164
583	1166
584	2920
585	1170
586	2930
587	3522
588	3528
589	2356
590	1180
591	2955
592	4736
593	2965
594	2970
595	595
596	3576
597	597
598	4186
599	1198
600	1800
601	2404
602	3010
603	1206
604	604
605	4235
606	2424
607	2428
608	1216
609	609
610	610
611	4277
612	1224
613	3065
614	2456
615	3075
616	1848
617	1851
618	618
619	3095
620	1860
621	7452
622	3110
623	3738
624	2496
625	3125
626	2504
627	3135
628	1256
629	1258
630	3150
631	1262
632	5056
633	0
634	2536
635	1905
636	1272
637	2548
638	3190
639	639
640	1920
641	1282
642	2568
643	0
644	644
645	1935
646	3876
647	647
648	648
649	2596
650	0
651	1953
652	2608
653	1306
654	1962
655	4585
656	3280
657	1971
658	1316
659	1318
660	2640
661	1983
662	1986
663	2652
664	2656
665	3325
666	1332
667	0
668	2004
669	669
670	670
671	2684
672	672
673	2692
674	674
675	1350
676	676
677	1354
678	2034
679	2037
680	3400
681	3405
682	682
683	2049
684	1368
685	2740
686	4116
687	0
688	688
689	2067
690	2070
691	1382
692	1384
693	0
694	1388
695	1390
696	696
697	2091
698	1396
699	1398
700	2800
701	2103
702	0
703	703
704	2112
705	0
706	706
707	2828
708	708
709	1418
710	1420
711	2133
712	712
713	0
714	2142
715	2860
716	0
717	0
718	3590
719	719
720	1440
721	1442
722	4332
723	2169
724	3620
725	725
726	2178
727	1454
728	1456
729	2187
730	2190
731	1462
732	1464
733	733
734	734
735	2205
736	2944
737	737
738	738
739	739
740	0
741	1482
742	0
743	743
744	1488
745	2235
746	746
747	0
748	748
749	749
750	0
751	0
752	1504
753	2259
754	754
755	2265
756	756
757	757
758	3032
759	759
760	1520
761	3044
762	762
763	0
764	764
765	765
766	0
767	767
768	1536
769	2307
770	0
771	1542
772	0
773	773
774	0
775	775
776	1552
777	777
778	778
779	1558
780	0
781	2343
782	0
783	0
784	0
785	785
786	0
787	787
788	3152
789	789
790	790
791	0
792	0
793	0
794	794
795	795
796	1592
797	1594
798	798
799	0
800	0
801	801
802	0
803	803
804	0
805	805
806	1612
807	0
808	808
809	0
810	0
811	2433
812	1624
813	1626
814	0
815	0
816	0
817	1634
818	0
819	1638
820	820
821	0
822	1644
823	4938
824	824
825	825
826	826
827	1654
828	0
829	829
830	0
831	831
832	0
833	833
834	0
835	835
836	0
837	837
838	838
839	0
840	2520
841	1682
842	842
843	843
844	844
845	0
846	846
847	0
848	848
849	1698
850	1700
851	851
852	0
853	853
854	1708
855	0
856	0
857	857
858	858
859	859
860	1720
861	861
862	0
863	0
864	0
865	1730
866	866
867	0
868	868
869	869
870	1740
871	0
872	0
873	873
874	874
875	1750
876	876
877	0
878	0
879	0
880	880
881	0
882	882
883	0
884	1768
885	0
886	1772
887	887
888	888
889	0
890	890
891	0
892	892
893	893
894	0
895	895
896	1792
897	0
898	0
899	0
900	0
901	901
902	0
903	0
904	0
905	0
906	0
907	0
908	1816
909	909
910	910
911	911
912	1824
913	1826
914	0
915	0
916	0
917	917
918	0
919	0
920	0
921	921
922	0
923	0
924	0
925	2775
926	926
927	0
928	928
929	0
930	930
931	931
932	932
933	0
934	0
935	935
936	0
937	937
938	0
939	0
940	0
941	941
942	0
943	0
944	0
945	0
946	946
947	0
948	948
949	0
950	0
951	0
952	952
953	0
954	0
955	955
956	0
957	957
958	0
959	0
960	0
961	0
962	962
963	963
964	1928
965	0
966	0
967	0
968	1936
969	0
970	0
971	0
972	972
973	0
974	0
975	0
976	976
977	0
978	0
979	0
980	980
981	0
982	982
983	0
984	984
985	985
986	0
987	0
988	0
989	0
990	0
991	0
992	0
993	0
994	0
995	995
996	1992
997	0
998	998
999	1998
1000	0
1001	0
1002	2004
1003	0
1004	0
1005	0
1006	0
1007	1007
1008	0
1009	0
1010	0
1011	0
1012	0
1013	0
1014	0
1015	0
1016	0
1017	1017
1018	0
1019	1019
1020	0
1021	0
1022	0
1023	0
1024	1024
1025	0
1026	2052
1027	0
1028	2056
1029	0
1030	0
1031	0
1032	0
1033	0
1034	1034
1035	0
1036	0
1037	0
1038	0
1039	0
1040	0
1041	0
1042	1042
1043	1043
1044	1044
1045	0
1046	0
1047	0
1048	0
1049	0
1050	0
1051	0
1052	0
1053	0
1054	0
1055	0
1056	0
1057	1057
1058	0
1059	0
1060	0
1061	1061
1062	0
1063	0
1064	1064
1065	1065
1066	0
1067	0
1068	1068
1069	1069
1070	0
1071	0
1072	0
1073	2146
1074	1074
1075	0
1076	1076
1077	0
1078	0
1079	0
1080	0
1081	0
1082	0
1083	0
1084	0
1085	0
1086	0
1087	0
1088	2176
1089	1089
1090	0
1091	0
1092	1092
1093	0
1094	0
1095	0
1096	1096
1097	0
1098	0
1099	2198
1100	0
1101	0
1102	1102
1103	0
1104	0
1105	0
1106	0
1107	0
1108	0
1109	1109
1110	0
1111	0
1112	0
1113	0
1114	2228
1115	0
1116	1116
1117	0
1118	0
1119	0
1120	0
1121	0
1122	0
1123	0
1124	0
1125	0
1126	1126
1127	1127
1128	0
1129	0
1130	0
1131	0
1132	0
1133	0
1134	0
1135	1135
1136	0
1137	0
1138	0
1139	0
1140	0
1141	0
1142	0
1143	0
1144	1144
1145	0
1146	1146
1147	0
1148	0
1149	0
1150	1150
1151	0
1152	0
1153	0
1154	0
1155	0
1156	0
1157	0
1158	0
1159	0
1160	0
1161	0
1162	1162
1163	0
1164	0
1165	1165
1166	0
1167	1167
1168	0
1169	0
1170	0
1171	0
1172	0
1173	0
1174	0
1175	0
1176	0
1177	0
1178	0
1179	0
1180	0
1181	0
1182	0
1183	0
1184	0
1185	0
1186	2372
1187	0
1188	0
1189	0
1190	0
1191	0
1192	0
1193	0
1194	0
1195	0
1196	0
1197	0
1198	0
1199	0
1200	1200
1201	0
1202	0
1203	0
1204	0
1205	0
1206	0
1207	0
1208	0
1209	0
1210	0
1211	0
1212	0
1213	0
1214	0
1215	1215
1216	0
1217	0
1218	0
1219	0
1220	0
1221	1221
1222	0
1223	0
1224	0
1225	0
1226	0
1227	0
1228	0
1229	0
1230	0
1231	0
1232	0
1233	0
1234	0
1235	0
1236	0
1237	0
1238	0
1239	0
1240	0
1241	0
1242	0
1243	0
1244	0
1245	0
1246	0
1247	0
1248	0
1249	0
1250	0
1251	0
1252	0
1253	0
1254	0
1255	0
1256	0
1257	0
1258	0
1259	0
1260	0
1261	0
1262	0
1263	0
1264	0
1265	0
1266	0
1267	0
1268	0
1269	0
1270	0
1271	0
1272	0
1273	0
1274	0
1275	0
1276	0
1277	0
1278	0
1279	0
1280	0
1281	0
1282	0
1283	0
1284	0
1285	0
1286	0
1287	0
1288	0
1289	0
1290	0
1291	0
1292	0
1293	0
1294	0
1295	0
1296	0
1297	0
1298	0
1299	0
1300	0
1301	0
1302	0
1303	0
1304	0
1305	0
1306	0
1307	0
1308	0
1309	0
1310	0
1311	0
1312	0
1313	0
1314	0
1315	0
1316	1316
1317	0
1318	0
1319	1319
1320	0
1321	1321
1322	0
1323	1323
1324	0
1325	0
1326	0
1327	0
1328	0
1329	0
1330	0
1331	0
1332	0
1333	0
1334	0
1335	0
1336	0
1337	0
1338	0
1339	0
1340	0
1341	0
1342	0
1343	0
1344	0
1345	0
1346	0
1347	0
1348	0
1349	0
1350	0
1351	0
1352	0
1353	0
1354	0
1355	0
1356	0
1357	0
1358	0
1359	0
1360	0
1361	0
1362	0
1363	0
1364	0
1365	0
1366	0
1367	0
1368	0
1369	0
1370	0
1371	0
1372	0
1373	0
1374	0
1375	0
1376	0
1377	0
1378	0
1379	0
1380	0
1381	0
1382	0
1383	0
1384	0
1385	0
1386	0
1387	0
1388	0
1389	0
1390	0
1391	0
1392	0
1393	0
1394	0
1395	0
1396	0
1397	0
1398	0
1399	0
1400	0
1401	0
1402	0
1403	0
1404	0
1405	0
1406	0
1407	0
1408	0
1409	0
1410	0
1411	0
1412	0
1413	0
1414	0
1415	0
1416	0
1417	0
1418	0
1419	0
1420	0
1421	0
1422	0
1423	0
1424	0
1425	0
1426	0
1427	0
1428	0
1429	0
1430	0
1431	0
1432	0
1433	0
1434	0
1435	0
1436	0
1437	0
1438	0
1439	0
1440	0
1441	0
1442	0
1443	0
1444	0
1445	0
1446	0
1447	0
1448	0
1449	0
1450	0
1451	0
1452	0
1453	0
1454	0
1455	0
1456	0
1457	0
1458	0
1459	0
1460	1460
1461	0
1462	0
1463	0
1464	0
1465	0
1466	0
1467	0
1468	0
1469	0
1470	0
1471	0
1472	0
1473	0
1474	0
1475	0
1476	0
1477	0
1478	0
1479	0
1480	0
