Time passed: 8388608	At 200.000000K
0	0
1	83
2	206
3	255
4	412
5	525
6	540
7	651
8	832
9	909
10	830
11	1023
12	936
13	1534
14	1470
15	1320
16	1504
17	1581
18	1872
19	1862
20	1920
21	1722
22	1936
23	2415
24	2592
25	2450
26	2574
27	2538
28	2604
29	2291
30	2550
31	2387
32	2496
33	2871
34	2516
35	3080
36	3096
37	2812
38	3268
39	3510
40	2720
41	3362
42	3822
43	3870
44	3212
45	3240
46	3772
47	3572
48	4416
49	3283
50	3900
51	4488
52	3640
53	3657
54	4536
55	3520
56	3584
57	3876
58	4002
59	4012
60	4320
61	4758
62	4650
63	5040
64	5440
65	4875
66	4488
67	6298
68	4624
69	4485
70	4690
71	5112
72	4680
73	4234
74	5550
75	5175
76	5472
77	6853
78	6240
79	4819
80	6480
81	4293
82	6150
83	5893
84	4956
85	4845
86	5848
87	6786
88	5280
89	5963
90	5760
91	5642
92	5980
93	6045
94	4700
95	5795
96	6624
97	7760
98	6860
99	7326
100	5300
101	5454
102	6834
103	5665
104	5824
105	5565
106	6996
107	5885
108	5724
109	6322
110	5940
111	7326
112	6384
113	7119
114	6156
115	7015
116	6960
117	7254
118	6608
119	5117
120	5280
121	7018
122	6222
123	5781
124	6448
125	7875
126	6426
127	5461
128	5376
129	5289
130	5590
131	6812
132	7392
133	6916
134	6566
135	5940
136	6664
137	7124
138	7038
139	6672
140	6860
141	6204
142	8094
143	8294
144	7920
145	6815
146	7884
147	7350
148	6364
149	7301
150	8100
151	9060
152	5168
153	4590
154	6930
155	8370
156	6552
157	6437
158	7268
159	6360
160	6080
161	7728
162	7452
163	5216
164	7708
165	7260
166	8798
167	6847
168	7560
169	5408
170	6630
171	5985
172	5504
173	7093
174	8700
175	9275
176	8976
177	6195
178	7298
179	8234
180	8460
181	6154
182	8008
183	6222
184	6256
185	8510
186	6882
187	8976
188	6392
189	6993
190	7980
191	6494
192	7872
193	7334
194	6596
195	8190
196	4704
197	5910
198	7920
199	6766
200	9400
201	7236
202	7070
203	7714
204	6936
205	7995
206	4944
207	7659
208	6864
209	8151
210	6930
211	6330
212	6148
213	8520
214	4066
215	6235
216	8208
217	8246
218	6976
219	7665
220	7040
221	5967
222	5772
223	8697
224	9184
225	6975
226	6554
227	6129
228	8208
229	6641
230	7590
231	6468
232	4408
233	6058
234	7020
235	8930
236	8260
237	6873
238	4522
239	5258
240	5760
241	6507
242	7018
243	6318
244	6100
245	5145
246	5658
247	9633
248	7688
249	7221
250	11750
251	8283
252	8064
253	5313
254	6858
255	6375
256	8192
257	7453
258	7998
259	6993
260	6240
261	8352
262	6812
263	6312
264	6072
265	6625
266	7182
267	6141
268	5092
269	6725
270	7020
271	6775
272	7616
273	6006
274	6028
275	7150
276	7728
277	6648
278	6672
279	7533
280	5880
281	5901
282	8178
283	7075
284	7668
285	5130
286	6292
287	7462
288	7776
289	8670
290	6380
291	7275
292	4964
293	4981
294	6468
295	8555
296	7992
297	8910
298	7152
299	5681
300	3900
301	4515
302	6644
303	4848
304	6384
305	5490
306	7956
307	8289
308	7392
309	5871
310	7750
311	7775
312	6240
313	7199
314	5966
315	6615
316	4740
317	6023
318	9222
319	5104
320	8000
321	6099
322	4186
323	6137
324	6156
325	6500
326	7498
327	5559
328	5576
329	7238
330	4290
331	5958
332	4980
333	5994
334	5344
335	3350
336	3696
337	9436
338	5746
339	4068
340	7820
341	6138
342	4446
343	5488
344	6536
345	6555
346	6574
347	6593
348	5220
349	8376
350	4900
351	5967
352	7040
353	7766
354	6726
355	1775
356	4984
357	5355
358	5728
359	3949
360	5040
361	4332
362	7602
363	5808
364	4732
365	5110
366	7686
367	4771
368	4784
369	5535
370	6290
371	4452
372	6324
373	8579
374	4488
375	6750
376	6768
377	5278
378	6804
379	4548
380	7980
381	5334
382	6876
383	8043
384	7296
385	5775
386	7334
387	4257
388	5432
389	3890
390	5460
391	9384
392	7448
393	8646
394	1970
395	4740
396	3564
397	7543
398	7164
399	7581
400	2800
401	6817
402	6432
403	5239
404	7272
405	2835
406	4466
407	4477
408	5712
409	7771
410	4510
411	9042
412	4120
413	5782
414	5382
415	5395
416	6656
417	4587
418	3762
419	6285
420	5880
421	6315
422	2532
423	2538
424	5512
425	8075
426	6816
427	3843
428	5564
429	6435
430	3010
431	3879
432	3456
433	4763
434	4340
435	3915
436	3488
437	4370
438	4818
439	3951
440	6160
441	5733
442	4862
443	5316
444	5328
445	5340
446	4906
447	3576
448	4032
449	7184
450	7650
451	5412
452	4068
453	4077
454	4086
455	3640
456	4560
457	4570
458	4580
459	6426
460	5060
461	5993
462	5544
463	3704
464	7424
465	6045
466	4194
467	2335
468	4680
469	3752
470	5640
471	3768
472	7080
473	3784
474	6636
475	6175
476	3808
477	3816
478	6214
479	2874
480	6240
481	6253
482	4820
483	7245
484	2420
485	3395
486	3402
487	3896
488	5368
489	5868
490	4900
491	5401
492	3444
493	4437
494	2470
495	2970
496	2480
497	3479
498	5976
499	3992
500	3000
501	3006
502	4016
503	4527
504	3024
505	5050
506	7084
507	5070
508	4572
509	3563
510	3060
511	1022
512	4608
513	5643
514	3598
515	2575
516	5676
517	5687
518	5698
519	5709
520	2600
521	3647
522	2088
523	2615
524	2620
525	2625
526	1578
527	3689
528	7920
529	5290
530	1590
531	3186
532	1596
533	3198
534	5874
535	2140
536	2144
537	4296
538	3228
539	2156
540	5400
541	2164
542	4878
543	3801
544	3808
545	4360
546	2184
547	4376
548	3836
549	8784
550	2200
551	551
552	3312
553	2212
554	3878
555	3330
556	2780
557	3342
558	2790
559	3354
560	2800
561	2244
562	3372
563	1689
564	4512
565	1695
566	5094
567	2268
568	5112
569	2276
570	3990
571	2284
572	2860
573	2292
574	5166
575	3450
576	2880
577	2308
578	1734
579	3474
580	2900
581	3486
582	2328
583	1749
584	2920
585	3510
586	1172
587	3522
588	2940
589	2356
590	3540
591	4728
592	2368
593	2372
594	5346
595	1190
596	3576
597	1791
598	2990
599	2995
600	3000
601	1803
602	4214
603	3618
604	2416
605	1815
606	5454
607	3642
608	3648
609	2436
610	1220
611	1222
612	2448
613	3678
614	7368
615	615
616	1848
617	1234
618	1854
619	2476
620	3100
621	1863
622	1866
623	1246
624	3120
625	2500
626	1878
627	1254
628	5024
629	3145
630	1890
631	1262
632	1264
633	3798
634	1902
635	1905
636	1272
637	1911
638	1914
639	0
640	3200
641	2564
642	3210
643	2572
644	1932
645	1935
646	1292
647	1941
648	5184
649	1947
650	2600
651	2604
652	1304
653	3918
654	2616
655	1310
656	1968
657	3285
658	3290
659	3954
660	1980
661	2644
662	2648
663	0
664	1328
665	0
666	3996
667	3335
668	5344
669	669
670	1340
671	1342
672	1344
673	3365
674	0
675	3375
676	1352
677	2031
678	4068
679	2716
680	4080
681	681
682	2046
683	2732
684	2736
685	2740
686	1372
687	0
688	2752
689	1378
690	3450
691	2764
692	2768
693	2772
694	1388
695	2085
696	2088
697	2788
698	1396
699	4893
700	3500
701	3505
702	2106
703	2812
704	704
705	2115
706	2824
707	0
708	1416
709	1418
710	2840
711	1422
712	1424
713	4278
714	714
715	4290
716	2148
717	1434
718	1436
719	2876
720	2160
721	2163
722	722
723	2169
724	724
725	1450
726	726
727	0
728	2184
729	3645
730	1460
731	1462
732	2196
733	733
734	2936
735	1470
736	1472
737	2948
738	0
739	0
740	740
741	2223
742	2226
743	3715
744	744
745	745
746	746
747	2241
748	0
749	749
750	3750
751	1502
752	752
753	2259
754	754
755	1510
756	1512
757	1514
758	1516
759	1518
760	3040
761	2283
762	762
763	1526
764	764
765	1530
766	1532
767	3068
768	2304
769	1538
770	3080
771	0
772	1544
773	773
774	774
775	1550
776	1552
777	2331
778	2334
779	1558
780	2340
781	1562
782	2346
783	3132
784	1568
785	0
786	2358
787	0
788	3940
789	0
790	4740
791	3164
792	0
793	2379
794	794
795	795
796	2388
797	1594
798	0
799	2397
800	1600
801	3204
802	802
803	803
804	804
805	805
806	0
807	807
808	2424
809	809
810	4050
811	811
812	4060
813	0
814	1628
815	815
816	3264
817	817
818	3272
819	2457
820	0
821	1642
822	3288
823	2469
824	0
825	825
826	1652
827	2481
828	2484
829	1658
830	830
831	1662
832	832
833	2499
834	0
835	1670
836	836
837	1674
838	1676
839	839
840	0
841	0
842	1684
843	0
844	1688
845	0
846	1692
847	2541
848	848
849	1698
850	1700
851	851
852	0
853	3412
854	854
855	0
856	2568
857	857
858	1716
859	0
860	2580
861	2583
862	862
863	0
864	1728
865	1730
866	866
867	867
868	868
869	0
870	1740
871	871
872	0
873	873
874	0
875	875
876	1752
877	877
878	878
879	879
880	880
881	0
882	882
883	1766
884	884
885	0
886	886
887	0
888	0
889	889
890	1780
891	0
892	1784
893	0
894	894
895	895
896	1792
897	0
898	0
899	2697
900	900
901	901
902	0
903	903
904	0
905	3620
906	2718
907	1814
908	0
909	909
910	1820
911	2733
912	1824
913	913
914	914
915	0
916	0
917	917
918	1836
919	2757
920	1840
921	1842
922	1844
923	923
924	0
925	925
926	1852
927	0
928	0
929	0
930	1860
931	1862
932	932
933	0
934	0
935	935
936	1872
937	937
938	0
939	939
940	1880
941	941
942	1884
943	943
944	0
945	945
946	0
947	947
948	0
949	0
950	1900
951	1902
952	0
953	1906
954	954
955	955
956	956
957	0
958	0
959	0
960	960
961	961
962	962
963	963
964	1928
965	965
966	0
967	967
968	0
969	0
970	0
971	1942
972	972
973	0
974	1948
975	1950
976	0
977	0
978	0
979	0
980	0
981	0
982	0
983	1966
984	1968
985	0
986	1972
987	0
988	988
989	989
990	990
991	1982
992	992
993	0
994	0
995	995
996	996
997	0
998	998
999	999
1000	0
1001	1001
1002	0
1003	0
1004	0
1005	0
1006	2012
1007	0
1008	0
1009	2018
1010	0
1011	0
1012	0
1013	1013
1014	2028
1015	0
1016	1016
1017	0
1018	0
1019	1019
1020	0
1021	0
1022	1022
1023	1023
1024	0
1025	2050
1026	0
1027	0
1028	0
1029	1029
1030	0
1031	1031
1032	3096
1033	0
1034	0
1035	1035
1036	0
1037	2074
1038	1038
1039	0
1040	0
1041	2082
1042	0
1043	0
1044	0
1045	1045
1046	0
1047	0
1048	0
1049	1049
1050	0
1051	2102
1052	0
1053	0
1054	1054
1055	2110
1056	0
1057	0
1058	1058
1059	0
1060	0
1061	1061
1062	1062
1063	0
1064	1064
1065	1065
1066	0
1067	0
1068	0
1069	0
1070	0
1071	2142
1072	2144
1073	0
1074	0
1075	1075
1076	2152
1077	1077
1078	1078
1079	0
1080	0
1081	1081
1082	1082
1083	0
1084	1084
1085	0
1086	0
1087	0
1088	1088
1089	0
1090	0
1091	0
1092	0
1093	1093
1094	0
1095	0
1096	1096
1097	0
1098	0
1099	0
1100	0
1101	0
1102	0
1103	1103
1104	1104
1105	0
1106	1106
1107	0
1108	0
1109	0
1110	0
1111	1111
1112	0
1113	0
1114	0
1115	0
1116	1116
1117	0
1118	0
1119	0
1120	0
1121	0
1122	1122
1123	0
1124	0
1125	1125
1126	0
1127	0
1128	0
1129	0
1130	0
1131	0
1132	0
1133	1133
1134	2268
1135	0
1136	1136
1137	2274
1138	1138
1139	1139
1140	1140
1141	0
1142	0
1143	1143
1144	1144
1145	0
1146	0
1147	1147
1148	0
1149	0
1150	0
1151	0
1152	0
1153	0
1154	0
1155	0
1156	1156
1157	1157
1158	0
1159	0
1160	0
1161	1161
1162	0
1163	1163
1164	0
1165	0
1166	0
1167	0
1168	0
1169	0
1170	0
1171	0
1172	0
1173	0
1174	0
1175	1175
1176	1176
1177	0
1178	1178
1179	0
1180	0
1181	0
1182	0
1183	0
1184	0
1185	0
1186	1186
1187	0
1188	0
1189	0
1190	0
1191	0
1192	0
1193	0
1194	1194
1195	0
1196	0
1197	0
1198	0
1199	0
1200	0
1201	0
1202	0
1203	1203
1204	0
1205	0
1206	0
1207	1207
1208	0
1209	0
1210	1210
1211	0
1212	0
1213	0
1214	2428
1215	0
1216	0
1217	1217
1218	0
1219	0
1220	1220
1221	0
1222	0
1223	0
1224	1224
1225	0
1226	0
1227	0
1228	0
1229	1229
1230	1230
1231	1231
1232	0
1233	0
1234	0
1235	0
1236	0
1237	0
1238	0
1239	0
1240	0
1241	0
1242	0
1243	0
1244	0
1245	0
1246	0
1247	0
1248	0
1249	0
1250	0
1251	0
1252	2504
1253	2506
1254	1254
1255	0
1256	1256
1257	0
1258	0
1259	0
1260	0
1261	0
1262	0
1263	2526
1264	0
1265	1265
1266	0
1267	0
1268	1268
1269	0
1270	0
1271	0
1272	0
1273	0
1274	0
1275	0
1276	0
1277	0
1278	0
1279	0
1280	0
1281	0
1282	0
1283	0
1284	0
1285	0
1286	0
1287	0
1288	0
1289	0
1290	1290
1291	0
1292	0
1293	0
1294	0
1295	0
1296	1296
1297	0
1298	0
1299	0
1300	3900
1301	0
1302	1302
1303	0
1304	0
1305	0
1306	0
1307	0
1308	0
1309	1309
1310	0
1311	0
1312	0
1313	0
1314	1314
1315	0
1316	0
1317	1317
1318	0
1319	0
1320	0
1321	0
1322	0
1323	0
1324	0
1325	0
1326	1326
1327	0
1328	0
1329	0
1330	0
1331	1331
1332	1332
1333	0
1334	0
1335	1335
1336	0
1337	0
1338	0
1339	0
1340	0
1341	0
1342	0
1343	0
1344	0
1345	0
1346	0
1347	2694
1348	0
1349	0
1350	0
1351	0
1352	0
1353	0
1354	0
1355	0
1356	0
1357	0
1358	0
1359	0
1360	0
1361	0
1362	0
1363	0
1364	0
1365	0
1366	0
1367	1367
1368	0
1369	0
1370	1370
1371	0
1372	0
1373	0
1374	0
1375	0
1376	0
1377	0
1378	0
1379	0
1380	0
1381	1381
1382	0
1383	0
1384	0
1385	0
1386	0
1387	0
1388	0
1389	0
1390	0
1391	0
1392	0
1393	0
1394	0
1395	0
1396	0
1397	0
1398	0
1399	0
1400	0
1401	0
1402	0
1403	0
1404	0
1405	0
1406	1406
1407	0
1408	0
1409	0
1410	1410
1411	0
1412	0
1413	0
1414	0
1415	0
1416	0
1417	0
1418	0
1419	0
1420	0
1421	0
1422	2844
1423	0
1424	0
1425	0
1426	1426
1427	0
1428	0
1429	0
1430	1430
1431	0
1432	1432
1433	0
1434	0
1435	0
1436	1436
1437	0
1438	0
1439	0
1440	0
1441	0
1442	0
1443	0
1444	0
1445	0
1446	0
1447	0
1448	0
1449	0
1450	0
1451	0
1452	0
1453	0
1454	0
1455	0
1456	1456
1457	0
1458	0
1459	0
1460	0
1461	0
1462	0
1463	0
1464	0
1465	0
1466	0
1467	0
1468	0
1469	0
1470	0
1471	0
1472	0
1473	0
1474	0
1475	0
1476	0
1477	0
1478	0
1479	0
1480	0
1481	0
1482	0
1483	0
1484	0
1485	0
1486	0
1487	0
1488	0
1489	0
1490	0
1491	0
1492	0
1493	1493
1494	0
1495	0
1496	0
1497	0
1498	0
1499	0
1500	0
1501	0
1502	0
1503	1503
1504	0
1505	0
1506	0
1507	0
1508	0
1509	0
1510	0
1511	1511
1512	0
1513	0
1514	0
1515	0
1516	0
1517	0
1518	1518
1519	0
1520	0
1521	0
1522	0
1523	0
1524	1524
1525	0
1526	0
1527	0
1528	0
1529	0
1530	0
1531	0
1532	0
1533	0
1534	0
1535	0
1536	0
1537	0
1538	1538
1539	0
1540	0
1541	0
1542	0
1543	1543
1544	0
1545	0
1546	0
1547	0
1548	0
1549	0
1550	0
1551	0
1552	0
1553	1553
1554	0
1555	1555
1556	0
1557	0
1558	0
1559	0
1560	0
1561	0
1562	0
1563	0
1564	0
1565	0
1566	0
1567	0
1568	0
1569	0
1570	0
1571	0
1572	0
1573	0
1574	0
1575	0
1576	0
1577	0
1578	0
1579	0
1580	1580
1581	0
1582	0
1583	0
1584	0
1585	0
1586	1586
1587	0
1588	0
1589	0
1590	0
1591	0
1592	0
1593	0
1594	0
1595	0
1596	0
1597	0
1598	0
1599	0
1600	0
1601	0
1602	0
1603	0
1604	0
1605	0
1606	0
1607	0
1608	0
1609	0
1610	0
1611	0
1612	0
1613	0
1614	0
1615	0
1616	0
1617	0
1618	0
1619	0
1620	0
1621	0
1622	1622
1623	0
1624	0
1625	0
1626	1626
1627	1627
1628	0
1629	0
1630	0
1631	0
1632	0
1633	0
1634	0
1635	0
1636	0
1637	0
1638	0
1639	0
1640	0
1641	0
1642	0
1643	0
1644	0
1645	0
1646	0
1647	0
1648	0
1649	0
1650	0
1651	0
1652	0
1653	0
1654	0
1655	0
1656	0
1657	0
1658	0
1659	0
1660	0
1661	0
1662	0
1663	0
1664	0
1665	0
1666	0
1667	0
1668	1668
1669	0
1670	0
1671	0
1672	0
1673	0
1674	0
1675	0
1676	0
1677	0
1678	0
1679	0
1680	0
1681	0
1682	0
1683	0
1684	0
1685	0
1686	1686
1687	0
1688	0
1689	0
1690	0
1691	0
1692	0
1693	1693
1694	0
1695	0
1696	0
1697	0
1698	0
1699	0
1700	0
1701	0
1702	0
1703	0
1704	0
1705	0
1706	0
1707	0
1708	0
1709	0
1710	0
1711	0
1712	0
1713	0
1714	0
1715	0
1716	0
1717	0
1718	0
1719	0
1720	0
1721	0
1722	1722
1723	0
1724	0
1725	0
1726	0
1727	0
1728	0
1729	0
1730	0
1731	0
1732	0
1733	0
1734	0
1735	0
1736	0
1737	0
1738	0
1739	0
1740	0
1741	0
1742	0
1743	0
1744	0
1745	0
1746	0
1747	0
1748	0
1749	0
1750	0
1751	0
1752	0
1753	0
1754	0
1755	0
1756	0
1757	0
1758	0
1759	0
1760	0
1761	0
1762	0
1763	0
1764	0
1765	0
1766	0
1767	0
1768	0
1769	0
1770	0
1771	0
1772	0
1773	0
1774	0
1775	0
1776	0
1777	0
1778	0
1779	0
1780	0
1781	0
1782	0
1783	0
1784	0
1785	0
1786	0
1787	0
1788	0
1789	0
1790	0
1791	0
1792	0
1793	0
1794	0
1795	0
1796	0
1797	0
1798	0
1799	0
1800	0
1801	0
1802	0
1803	0
1804	0
1805	0
1806	0
1807	0
1808	0
1809	0
1810	0
1811	0
1812	0
1813	0
1814	0
1815	0
1816	0
1817	0
1818	0
1819	0
1820	0
1821	0
1822	0
1823	0
1824	0
1825	0
1826	0
1827	0
1828	0
1829	0
1830	0
1831	1831
1832	0
1833	0
1834	0
1835	1835
1836	0
1837	0
1838	0
1839	0
1840	0
1841	0
1842	0
1843	0
1844	0
1845	0
1846	0
1847	0
1848	0
1849	0
1850	0
1851	0
1852	0
1853	0
1854	0
1855	0
1856	0
1857	0
1858	0
1859	0
1860	0
1861	0
1862	0
1863	0
1864	0
1865	0
1866	0
1867	0
1868	0
1869	0
1870	0
1871	0
1872	0
1873	0
1874	0
1875	0
1876	0
1877	0
1878	0
1879	0
1880	0
1881	0
1882	0
1883	0
1884	0
1885	0
1886	0
1887	0
1888	0
1889	0
1890	0
1891	0
1892	0
1893	0
1894	0
1895	0
1896	0
1897	0
1898	0
1899	0
1900	0
1901	0
1902	0
1903	0
1904	0
1905	0
1906	0
1907	0
1908	0
1909	0
1910	1910
1911	0
1912	0
1913	0
1914	0
1915	0
1916	0
1917	0
1918	0
1919	0
1920	0
1921	0
1922	0
1923	0
1924	0
1925	0
1926	0
1927	0
1928	0
1929	0
1930	0
1931	0
1932	0
1933	0
1934	0
1935	0
1936	0
1937	0
1938	0
1939	0
1940	0
1941	0
1942	0
1943	0
1944	0
1945	0
1946	0
1947	0
1948	0
1949	0
1950	0
1951	0
1952	0
1953	0
1954	0
1955	0
1956	0
1957	0
1958	0
1959	0
1960	0
1961	0
1962	0
1963	0
1964	0
1965	0
1966	0
1967	0
1968	0
1969	1969
1970	0
1971	0
1972	0
1973	0
1974	0
1975	0
1976	0
1977	0
1978	0
1979	0
1980	0
1981	0
1982	0
1983	0
1984	0
1985	0
1986	0
1987	0
1988	0
1989	0
1990	0
1991	0
1992	0
1993	0
1994	0
1995	0
1996	0
1997	0
1998	0
1999	0
2000	0
2001	0
2002	0
2003	0
2004	0
2005	0
2006	0
2007	0
2008	0
2009	0
2010	0
2011	0
2012	0
2013	0
2014	0
2015	0
2016	0
2017	0
2018	0
2019	0
2020	0
2021	0
2022	0
2023	0
2024	0
2025	0
2026	0
2027	0
2028	0
2029	0
2030	0
2031	0
2032	0
2033	0
2034	0
2035	0
2036	0
2037	0
2038	0
2039	0
2040	0
2041	0
2042	0
2043	0
2044	0
2045	0
2046	0
2047	0
2048	0
2049	0
2050	0
2051	0
2052	0
2053	0
2054	0
2055	0
2056	0
2057	0
2058	0
2059	0
2060	0
2061	0
2062	0
2063	0
2064	0
2065	0
2066	0
2067	0
2068	0
2069	0
2070	0
2071	0
2072	0
2073	0
2074	0
2075	0
2076	0
2077	0
2078	0
2079	0
2080	0
2081	0
2082	0
2083	0
2084	0
2085	0
2086	0
2087	0
2088	0
2089	0
2090	0
2091	0
2092	0
2093	0
2094	0
2095	0
2096	0
2097	0
2098	0
2099	0
2100	0
2101	0
2102	0
2103	0
2104	0
2105	0
2106	0
2107	0
2108	0
2109	0
2110	0
2111	0
2112	0
2113	0
2114	0
2115	0
2116	0
2117	0
2118	0
2119	0
2120	0
2121	0
2122	0
2123	0
2124	0
