Time passed: 2097152	At 200.000000K
0	0
1	122
2	210
3	210
4	412
5	475
6	654
7	714
8	704
9	909
10	1040
11	1067
12	1092
13	1027
14	1190
15	1410
16	1600
17	1734
18	1746
19	1900
20	1800
21	1932
22	1804
23	2139
24	2304
25	2200
26	2678
27	2673
28	2604
29	2494
30	2520
31	2852
32	2688
33	2772
34	2448
35	3080
36	2844
37	3367
38	3306
39	3549
40	3720
41	3854
42	2940
43	3397
44	3872
45	3555
46	3358
47	3713
48	4320
49	3430
50	4350
51	4539
52	4316
53	3869
54	3726
55	3905
56	3752
57	4959
58	5046
59	4543
60	3780
61	5551
62	4898
63	4410
64	4224
65	3640
66	4026
67	4288
68	4148
69	4002
70	4060
71	4473
72	4248
73	4307
74	5106
75	4800
76	5396
77	5005
78	4992
79	5609
80	5280
81	6075
82	5822
83	4482
84	5880
85	6290
86	6278
87	6873
88	5984
89	5874
90	4860
91	5642
92	6992
93	6231
94	6298
95	5795
96	5568
97	5432
98	6860
99	6039
100	4900
101	7575
102	6120
103	6077
104	5408
105	5460
106	6466
107	5778
108	6264
109	7957
110	6930
111	6105
112	6048
113	7006
114	7068
115	6555
116	6032
117	6318
118	7080
119	6307
120	6360
121	5203
122	4270
123	7380
124	6448
125	8250
126	6678
127	4826
128	7296
129	7611
130	6500
131	6288
132	6600
133	7049
134	5360
135	7560
136	6392
137	7398
138	6348
139	6811
140	6020
141	7755
142	6674
143	6864
144	5616
145	8265
146	7592
147	7203
148	7548
149	6407
150	7350
151	6946
152	7144
153	7650
154	6776
155	8680
156	7488
157	6437
158	7110
159	8745
160	6080
161	7245
162	6804
163	8313
164	5576
165	10725
166	7304
167	6847
168	7224
169	9464
170	6970
171	8037
172	7224
173	7785
174	6960
175	6300
176	7920
177	5133
178	6764
179	8771
180	9000
181	7602
182	7280
183	6588
184	7176
185	7215
186	6882
187	8228
188	6392
189	7182
190	7220
191	5921
192	6912
193	6948
194	8148
195	6240
196	6664
197	6501
198	6732
199	6368
200	8600
201	7035
202	6666
203	9135
204	7956
205	8405
206	7622
207	7452
208	6032
209	8151
210	7560
211	5697
212	6996
213	8733
214	5564
215	6020
216	7992
217	6510
218	7194
219	10074
220	7040
221	9061
222	6216
223	5798
224	6944
225	7200
226	8588
227	7945
228	9120
229	5038
230	8510
231	9471
232	5104
233	7456
234	7956
235	4465
236	7552
237	4740
238	6664
239	8126
240	7200
241	4820
242	7986
243	6318
244	8540
245	8330
246	7626
247	6422
248	6200
249	6972
250	6750
251	7279
252	6300
253	6578
254	8128
255	7650
256	8192
257	4883
258	8256
259	6993
260	5720
261	7308
262	7074
263	6838
264	7656
265	5565
266	8246
267	5607
268	5360
269	5918
270	4590
271	5691
272	7888
273	5733
274	5480
275	7700
276	5520
277	7202
278	8062
279	5301
280	7560
281	7025
282	4230
283	6509
284	7384
285	6555
286	6292
287	8610
288	8064
289	9537
290	9280
291	4074
292	7592
293	5567
294	6174
295	3835
296	7696
297	7722
298	8344
299	7774
300	6300
301	4816
302	6342
303	6363
304	6384
305	3355
306	6732
307	9210
308	8624
309	4944
310	6820
311	8086
312	6552
313	4695
314	5966
315	3780
316	4424
317	7925
318	6678
319	5104
320	7680
321	6741
322	6762
323	6460
324	7776
325	4225
326	7498
327	6867
328	5576
329	6251
330	6270
331	4303
332	3652
333	4662
334	5678
335	6030
336	7728
337	4381
338	4394
339	4746
340	7140
341	5797
342	4788
343	8232
344	4472
345	4485
346	3460
347	3123
348	7656
349	4188
350	5600
351	7722
352	6688
353	7766
354	4602
355	4970
356	6052
357	6069
358	3222
359	5385
360	7920
361	4693
362	6516
363	5082
364	3640
365	4745
366	5490
367	5138
368	5152
369	7749
370	8880
371	7420
372	6324
373	5968
374	7106
375	7125
376	6768
377	4524
378	4914
379	4548
380	2660
381	7620
382	5730
383	4979
384	2304
385	5775
386	3474
387	8127
388	5044
389	5446
390	5460
391	4692
392	5488
393	5895
394	5122
395	7900
396	7920
397	5161
398	3980
399	4389
400	6800
401	5213
402	4020
403	6045
404	3232
405	6885
406	7308
407	4884
408	3672
409	5726
410	4100
411	2877
412	4532
413	9086
414	4968
415	6225
416	7072
417	4170
418	6270
419	6704
420	7980
421	2526
422	7596
423	4653
424	2968
425	8075
426	2556
427	8113
428	2140
429	3003
430	5590
431	5172
432	5184
433	3464
434	6510
435	4785
436	3924
437	3059
438	5256
439	5707
440	6600
441	3969
442	4862
443	3544
444	6216
445	5340
446	7582
447	3129
448	4032
449	3143
450	4050
451	4510
452	4068
453	5436
454	4994
455	5915
456	6384
457	4570
458	8244
459	3213
460	3680
461	6454
462	6468
463	6482
464	7888
465	5580
466	2796
467	6071
468	3744
469	3752
470	3760
471	5652
472	7080
473	3784
474	1896
475	4750
476	5712
477	4293
478	3346
479	5748
480	5280
481	4810
482	3856
483	6762
484	4840
485	3395
486	4860
487	3896
488	4392
489	3912
490	2940
491	3437
492	5412
493	4437
494	3952
495	2970
496	4464
497	1491
498	7470
499	2994
500	5000
501	3507
502	2008
503	6539
504	1512
505	6565
506	4048
507	4563
508	3556
509	2036
510	4080
511	5110
512	1536
513	3591
514	4112
515	3090
516	4644
517	4136
518	5180
519	3114
520	4160
521	2084
522	3132
523	4184
524	4192
525	2100
526	5786
527	3162
528	4224
529	4761
530	3180
531	3186
532	6384
533	3198
534	4806
535	3745
536	5896
537	2685
538	3766
539	4312
540	5400
541	2705
542	2710
543	5430
544	4352
545	4905
546	2184
547	2735
548	2740
549	4392
550	6050
551	3857
552	3312
553	2765
554	3878
555	4440
556	3892
557	4456
558	5580
559	5031
560	3920
561	4488
562	3372
563	3378
564	2820
565	2825
566	3962
567	3969
568	2840
569	5121
570	3990
571	1713
572	4004
573	3438
574	1722
575	5175
576	2304
577	2885
578	5202
579	5790
580	3480
581	4067
582	2910
583	2332
584	2920
585	585
586	3516
587	2935
588	1764
589	2945
590	1770
591	3546
592	2960
593	4744
594	2970
595	595
596	4172
597	4179
598	4186
599	3594
600	600
601	3005
602	3010
603	2412
604	1812
605	2420
606	3030
607	1214
608	2432
609	4263
610	2440
611	2444
612	3060
613	1226
614	3070
615	1845
616	2464
617	1851
618	3708
619	4952
620	3720
621	3105
622	1866
623	623
624	4992
625	2500
626	1252
627	1881
628	3140
629	3145
630	3150
631	1893
632	1264
633	2532
634	1902
635	1905
636	1272
637	1911
638	3190
639	3195
640	640
641	1923
642	3210
643	2572
644	3864
645	2580
646	0
647	1294
648	648
649	1947
650	1300
651	2604
652	652
653	2612
654	4578
655	3275
656	1968
657	1314
658	658
659	5931
660	660
661	2644
662	3972
663	2652
664	1992
665	1330
666	666
667	3335
668	3340
669	2007
670	3350
671	1342
672	2688
673	2019
674	1348
675	675
676	1352
677	2031
678	2034
679	3395
680	2040
681	2043
682	0
683	1366
684	0
685	2055
686	2058
687	0
688	3440
689	2067
690	1380
691	691
692	2076
693	0
694	2082
695	1390
696	1392
697	697
698	2094
699	699
700	700
701	1402
702	3510
703	3515
704	1408
705	2820
706	3530
707	2121
708	2832
709	709
710	710
711	1422
712	4272
713	2852
714	5712
715	1430
716	716
717	3585
718	1436
719	2157
720	1440
721	2163
722	1444
723	0
724	2896
725	1450
726	0
727	0
728	2912
729	3645
730	3650
731	731
732	1464
733	1466
734	1468
735	735
736	1472
737	737
738	2214
739	1478
740	2960
741	741
742	742
743	1486
744	744
745	0
746	2238
747	747
748	1496
749	2247
750	3750
751	2253
752	3008
753	3765
754	3770
755	755
756	2268
757	1514
758	1516
759	3036
760	2280
761	0
762	762
763	2289
764	0
765	2295
766	3064
767	1534
768	1536
769	2307
770	2310
771	1542
772	772
773	3092
774	774
775	3100
776	0
777	3885
778	1556
779	2337
780	2340
781	2343
782	4692
783	1566
784	3136
785	1570
786	786
787	2361
788	788
789	0
790	1580
791	1582
792	792
793	1586
794	0
795	795
796	0
797	1594
798	1596
799	0
800	3200
801	1602
802	802
803	0
804	804
805	3220
806	2418
807	807
808	808
809	0
810	1620
811	811
812	1624
813	1626
814	2442
815	2445
816	0
817	1634
818	1636
819	819
820	1640
821	0
822	0
823	823
824	1648
825	1650
826	2478
827	0
828	1656
829	3316
830	1660
831	0
832	4992
833	0
834	0
835	3340
836	0
837	837
838	0
839	3356
840	1680
841	2523
842	842
843	3372
844	0
845	845
846	846
847	0
848	848
849	849
850	0
851	851
852	0
853	853
854	2562
855	1710
856	0
857	1714
858	858
859	859
860	2580
861	861
862	862
863	1726
864	1728
865	2595
866	1732
867	867
868	0
869	2607
870	2610
871	871
872	872
873	0
874	2622
875	875
876	1752
877	877
878	878
879	879
880	4400
881	881
882	0
883	2649
884	0
885	0
886	886
887	0
888	888
889	0
890	2670
891	0
892	4460
893	893
894	0
895	895
896	896
897	1794
898	898
899	899
900	900
901	1802
902	902
903	0
904	0
905	0
906	0
907	0
908	0
909	1818
910	910
911	911
912	2736
913	0
914	914
915	915
916	2748
917	917
918	1836
919	0
920	0
921	921
922	922
923	0
924	924
925	0
926	0
927	927
928	928
929	1858
930	1860
931	931
932	932
933	0
934	1868
935	935
936	0
937	2811
938	938
939	0
940	940
941	941
942	0
943	943
944	944
945	945
946	1892
947	0
948	1896
949	0
950	950
951	0
952	0
953	0
954	1908
955	0
956	0
957	0
958	0
959	959
960	1920
961	0
962	0
963	963
964	1928
965	0
966	966
967	1934
968	968
969	969
970	970
971	0
972	972
973	0
974	0
975	0
976	976
977	0
978	978
979	0
980	980
981	981
982	982
983	0
984	0
985	0
986	0
987	2961
988	988
989	0
990	0
991	991
992	992
993	993
994	994
995	0
996	0
997	0
998	0
999	0
1000	3000
1001	1001
1002	0
1003	0
1004	0
1005	0
1006	0
1007	0
1008	0
1009	3027
1010	0
1011	0
1012	0
1013	0
1014	1014
1015	0
1016	1016
1017	0
1018	0
1019	0
1020	2040
1021	1021
1022	0
1023	2046
1024	0
1025	1025
1026	1026
1027	0
1028	1028
1029	0
1030	0
1031	1031
1032	0
1033	0
1034	2068
1035	1035
1036	0
1037	2074
1038	0
1039	1039
1040	0
1041	0
1042	1042
1043	1043
1044	1044
1045	2090
1046	0
1047	1047
1048	1048
1049	3147
1050	0
1051	0
1052	1052
1053	0
1054	1054
1055	1055
1056	0
1057	0
1058	0
1059	0
1060	0
1061	3183
1062	0
1063	1063
1064	0
1065	1065
1066	0
1067	0
1068	1068
1069	1069
1070	0
1071	2142
1072	0
1073	0
1074	0
1075	0
1076	2152
1077	1077
1078	1078
1079	0
1080	1080
1081	1081
1082	0
1083	1083
1084	0
1085	0
1086	0
1087	2174
1088	0
1089	0
1090	0
1091	0
1092	1092
1093	1093
1094	0
1095	1095
1096	0
1097	1097
1098	1098
1099	0
1100	0
1101	0
1102	1102
1103	0
1104	1104
1105	1105
1106	1106
1107	0
1108	0
1109	0
1110	2220
1111	0
1112	0
1113	0
1114	0
1115	1115
1116	0
1117	0
1118	0
1119	0
1120	0
1121	0
1122	0
1123	0
1124	1124
1125	0
1126	1126
1127	0
1128	0
1129	1129
1130	0
1131	0
1132	0
1133	0
1134	0
1135	0
1136	0
1137	0
1138	1138
1139	0
1140	0
1141	0
1142	1142
1143	0
1144	0
1145	1145
1146	0
1147	0
1148	2296
1149	0
1150	0
1151	0
1152	0
1153	0
1154	0
1155	0
1156	0
1157	0
1158	2316
1159	1159
1160	0
1161	0
1162	0
1163	0
1164	1164
1165	0
1166	0
1167	0
1168	0
1169	0
1170	0
1171	0
1172	0
1173	1173
1174	0
1175	0
1176	0
1177	0
1178	1178
1179	0
1180	1180
1181	0
1182	1182
1183	1183
1184	0
1185	0
1186	0
1187	1187
1188	0
1189	0
1190	0
1191	0
1192	0
1193	0
1194	1194
1195	1195
1196	2392
1197	1197
1198	0
1199	0
1200	0
1201	1201
1202	0
1203	0
1204	0
1205	0
1206	0
1207	0
1208	1208
1209	0
1210	0
1211	0
1212	1212
1213	2426
1214	1214
1215	1215
1216	0
1217	0
1218	0
1219	1219
1220	0
1221	0
1222	0
1223	0
1224	0
1225	0
1226	1226
1227	0
1228	1228
1229	0
1230	0
1231	0
1232	0
1233	0
1234	0
1235	0
1236	0
1237	0
1238	1238
1239	0
1240	0
1241	0
1242	0
1243	0
1244	0
1245	0
1246	0
1247	1247
1248	0
1249	0
1250	0
1251	1251
1252	0
1253	0
1254	0
1255	0
1256	0
1257	0
1258	0
1259	1259
1260	0
1261	0
1262	0
1263	0
1264	0
1265	0
1266	0
1267	0
1268	1268
1269	1269
1270	1270
1271	0
1272	1272
1273	0
1274	1274
1275	1275
1276	0
1277	0
1278	0
1279	0
1280	0
1281	0
1282	1282
1283	0
1284	1284
1285	0
1286	0
1287	0
1288	0
1289	0
1290	0
1291	0
1292	0
1293	1293
1294	0
1295	0
1296	0
1297	0
1298	0
1299	0
1300	1300
1301	0
1302	0
1303	0
1304	1304
1305	0
1306	0
1307	1307
1308	0
1309	0
1310	1310
1311	0
1312	0
1313	0
1314	0
1315	0
1316	0
1317	0
1318	1318
1319	0
1320	0
1321	0
1322	0
1323	0
1324	0
1325	0
1326	0
1327	1327
1328	0
1329	0
1330	0
1331	0
1332	0
1333	0
1334	1334
1335	0
1336	0
1337	0
1338	0
1339	0
1340	0
1341	0
1342	0
1343	0
1344	0
1345	0
1346	0
1347	0
1348	0
1349	1349
1350	0
1351	1351
1352	0
1353	0
1354	1354
1355	0
1356	0
1357	0
1358	0
1359	0
1360	1360
1361	1361
1362	0
1363	0
1364	0
1365	0
1366	1366
1367	0
1368	0
1369	0
1370	0
1371	0
1372	0
1373	0
1374	1374
1375	0
1376	0
1377	0
1378	0
1379	1379
1380	0
1381	0
1382	0
1383	1383
1384	0
1385	1385
1386	0
1387	0
1388	0
1389	0
1390	0
1391	0
1392	0
1393	0
1394	0
1395	0
1396	0
1397	0
1398	0
1399	0
1400	0
1401	0
1402	1402
1403	0
1404	0
1405	0
1406	0
1407	1407
1408	0
1409	0
1410	0
1411	0
1412	0
1413	1413
1414	1414
1415	0
1416	0
1417	0
1418	0
1419	0
1420	0
1421	0
1422	0
1423	0
1424	0
1425	0
1426	0
1427	0
1428	0
1429	0
1430	0
1431	0
1432	0
1433	1433
1434	0
1435	0
1436	0
1437	0
1438	0
1439	1439
1440	0
1441	0
1442	0
1443	0
1444	0
1445	0
1446	1446
1447	0
1448	0
1449	0
1450	0
1451	0
1452	0
1453	0
1454	1454
1455	0
1456	0
1457	0
1458	0
1459	0
1460	0
1461	0
1462	0
1463	0
1464	0
1465	0
1466	0
1467	0
1468	0
1469	0
1470	1470
1471	0
1472	0
1473	0
1474	0
1475	0
1476	1476
1477	0
1478	0
1479	0
1480	0
1481	0
1482	0
1483	0
1484	0
1485	0
1486	0
1487	0
1488	0
1489	0
1490	0
1491	0
1492	0
1493	0
1494	0
1495	0
1496	0
1497	0
1498	0
1499	1499
1500	0
1501	0
1502	0
1503	0
1504	0
1505	0
1506	0
1507	0
1508	0
1509	0
1510	0
1511	0
1512	0
1513	0
1514	0
1515	0
1516	1516
1517	0
1518	0
1519	0
1520	0
1521	0
1522	0
1523	0
1524	0
1525	0
1526	0
1527	0
1528	0
1529	0
1530	0
1531	0
1532	0
1533	0
1534	1534
1535	0
1536	0
1537	0
1538	0
1539	0
1540	0
1541	0
1542	0
1543	0
1544	0
1545	1545
1546	0
1547	0
1548	0
1549	0
1550	0
1551	0
1552	0
1553	1553
1554	0
1555	0
1556	0
1557	0
1558	0
1559	0
1560	0
1561	0
1562	0
1563	0
1564	1564
1565	0
1566	0
1567	0
1568	0
1569	0
1570	0
1571	0
1572	0
1573	0
1574	0
1575	0
1576	0
1577	0
1578	0
1579	1579
1580	0
1581	0
1582	0
1583	0
1584	1584
1585	0
1586	0
1587	0
1588	0
1589	0
1590	0
1591	0
1592	0
1593	0
1594	0
1595	0
1596	0
1597	0
1598	0
1599	0
1600	0
1601	0
1602	0
1603	0
1604	0
1605	0
1606	0
1607	0
1608	0
1609	0
1610	0
1611	0
1612	0
1613	0
1614	0
1615	1615
1616	0
1617	0
1618	0
1619	0
1620	0
1621	0
1622	0
1623	1623
1624	0
1625	0
1626	0
1627	0
1628	0
1629	0
1630	1630
1631	0
1632	0
1633	0
1634	0
1635	0
1636	0
1637	1637
1638	0
1639	0
1640	0
1641	0
1642	0
1643	0
1644	0
1645	0
1646	0
1647	0
1648	0
1649	0
1650	0
1651	0
1652	0
1653	0
1654	0
1655	0
1656	0
1657	0
1658	0
1659	0
1660	0
1661	0
1662	0
1663	0
1664	0
1665	1665
1666	1666
1667	0
1668	0
1669	0
1670	0
1671	0
1672	0
1673	0
1674	0
1675	0
1676	0
1677	0
1678	0
1679	0
1680	0
1681	0
1682	0
1683	0
1684	0
1685	0
1686	0
1687	0
1688	0
1689	0
1690	0
1691	0
1692	0
1693	0
1694	0
1695	0
1696	0
1697	0
1698	0
1699	0
1700	0
1701	0
1702	0
1703	0
1704	0
1705	0
1706	0
1707	0
1708	0
1709	0
1710	0
1711	0
1712	0
1713	0
1714	0
1715	0
1716	0
1717	0
1718	0
1719	0
1720	0
1721	0
1722	0
1723	0
1724	0
1725	0
1726	0
1727	0
1728	0
1729	0
1730	0
1731	0
1732	0
1733	0
1734	0
1735	0
1736	0
1737	0
1738	0
1739	0
1740	0
1741	0
1742	0
1743	0
1744	0
1745	0
1746	0
1747	0
1748	0
1749	0
1750	0
1751	0
1752	0
1753	0
1754	0
1755	0
1756	0
1757	0
1758	0
1759	0
1760	0
1761	0
1762	0
1763	0
1764	0
1765	0
1766	0
1767	0
1768	0
1769	0
1770	0
1771	0
1772	0
1773	0
1774	0
1775	0
1776	0
1777	0
1778	0
1779	0
1780	0
1781	0
1782	0
1783	0
1784	0
1785	0
1786	0
1787	0
1788	0
1789	0
1790	0
1791	0
1792	0
1793	0
1794	0
1795	0
1796	0
1797	0
1798	0
1799	0
1800	0
1801	0
1802	0
1803	0
1804	0
1805	0
1806	0
1807	0
1808	1808
1809	0
1810	0
1811	0
1812	0
1813	0
1814	0
1815	0
1816	0
1817	0
1818	0
1819	0
1820	0
1821	0
1822	0
1823	0
1824	0
1825	0
1826	0
1827	1827
1828	0
1829	0
1830	0
1831	0
1832	0
1833	0
1834	0
1835	0
1836	0
1837	0
1838	0
1839	0
1840	0
1841	0
1842	0
1843	0
1844	0
1845	0
1846	0
1847	0
1848	0
1849	0
1850	0
1851	0
1852	0
1853	0
1854	0
1855	0
1856	0
1857	0
1858	0
1859	0
1860	0
1861	0
1862	0
1863	1863
1864	0
1865	1865
1866	0
1867	0
1868	0
1869	0
1870	0
1871	0
1872	0
1873	0
1874	0
1875	0
1876	0
1877	0
1878	0
1879	0
1880	0
1881	0
1882	0
1883	0
1884	0
1885	0
1886	0
1887	0
1888	0
1889	0
1890	0
1891	0
1892	0
1893	0
1894	0
1895	0
1896	0
1897	0
1898	0
1899	0
1900	0
1901	0
1902	0
1903	0
1904	0
1905	0
1906	0
1907	0
1908	0
1909	0
1910	0
1911	0
1912	0
1913	0
1914	0
1915	0
1916	0
1917	0
1918	0
1919	0
1920	0
1921	0
1922	0
1923	0
1924	0
1925	0
1926	0
1927	0
1928	0
1929	0
1930	0
1931	0
1932	0
1933	0
1934	0
1935	0
1936	0
1937	0
1938	0
1939	0
1940	0
1941	0
1942	0
1943	0
1944	0
1945	0
1946	0
1947	0
1948	0
1949	0
1950	0
1951	0
1952	0
1953	0
1954	0
1955	0
1956	0
1957	0
1958	0
1959	0
1960	0
1961	0
1962	0
1963	0
1964	0
1965	0
1966	0
1967	0
1968	0
1969	0
1970	0
1971	0
1972	0
1973	0
1974	0
1975	0
1976	0
1977	0
1978	0
1979	0
1980	0
1981	0
1982	0
1983	0
1984	0
1985	0
1986	0
1987	0
1988	0
1989	0
1990	0
1991	0
1992	0
1993	0
1994	0
1995	0
1996	0
1997	0
1998	0
1999	0
2000	0
2001	0
2002	0
2003	0
2004	0
2005	0
2006	0
2007	0
2008	0
2009	0
2010	0
2011	0
2012	0
2013	0
2014	0
2015	0
2016	0
2017	0
2018	0
2019	0
2020	0
2021	0
2022	0
2023	0
2024	0
2025	0
2026	0
2027	0
2028	0
2029	0
2030	0
2031	0
2032	0
2033	0
2034	0
2035	0
2036	0
2037	0
2038	0
2039	0
2040	0
2041	0
2042	0
2043	0
2044	0
2045	0
2046	0
2047	0
2048	0
2049	0
2050	0
2051	0
2052	0
2053	0
2054	0
2055	0
2056	0
2057	0
2058	0
2059	0
2060	0
2061	0
2062	0
2063	0
2064	0
2065	0
2066	0
2067	0
2068	0
2069	0
2070	0
2071	0
2072	0
2073	0
2074	0
2075	0
2076	0
2077	0
2078	0
2079	0
2080	0
2081	0
2082	0
2083	0
2084	0
2085	0
2086	0
2087	0
2088	0
2089	0
2090	0
2091	0
2092	0
2093	0
2094	0
2095	0
2096	0
2097	0
2098	0
2099	0
2100	0
2101	0
2102	0
2103	0
2104	0
2105	0
2106	0
2107	0
2108	0
2109	0
2110	0
2111	0
2112	0
2113	0
2114	0
2115	0
2116	0
2117	0
2118	0
2119	0
2120	0
2121	0
2122	0
2123	0
2124	0
2125	0
2126	0
2127	0
2128	0
2129	0
2130	0
2131	0
2132	0
2133	0
2134	0
2135	0
2136	0
2137	0
2138	0
2139	0
2140	0
2141	0
2142	0
2143	0
2144	0
2145	0
2146	0
2147	0
2148	0
2149	0
2150	0
2151	0
2152	0
2153	0
2154	0
2155	0
2156	0
2157	0
2158	0
2159	0
2160	0
