Time passed: 1048576	At 200.000000K
0	0
1	109
2	204
3	306
4	376
5	440
6	666
7	798
8	616
9	882
10	920
11	1111
12	1056
13	1391
14	1232
15	1605
16	1472
17	1428
18	1368
19	1729
20	1500
21	2100
22	2354
23	1725
24	1800
25	1825
26	1976
27	2241
28	3080
29	2697
30	3060
31	2852
32	3488
33	2541
34	2992
35	2940
36	3204
37	2812
38	3306
39	4056
40	3280
41	3075
42	4074
43	3268
44	3564
45	3825
46	3588
47	3713
48	3312
49	4263
50	4100
51	3825
52	3536
53	4134
54	3564
55	4345
56	3920
57	3192
58	4524
59	4307
60	4680
61	4514
62	4650
63	5355
64	4544
65	4745
66	4950
67	5025
68	5236
69	4278
70	5460
71	5396
72	5040
73	5548
74	5624
75	4350
76	4332
77	4543
78	5070
79	5056
80	4880
81	6156
82	4510
83	5561
84	7140
85	5525
86	5504
87	5568
88	5544
89	5251
90	6210
91	3822
92	5704
93	6417
94	5922
95	5320
96	5664
97	5626
98	7350
99	5049
100	5700
101	5656
102	6018
103	5871
104	6552
105	7140
106	6042
107	7383
108	6588
109	7630
110	6270
111	6216
112	6496
113	6441
114	7182
115	6325
116	6612
117	5616
118	6962
119	6426
120	8040
121	4840
122	5124
123	7011
124	7688
125	5625
126	7812
127	7239
128	7296
129	7611
130	7280
131	6026
132	3960
133	6251
134	7504
135	8235
136	7752
137	6987
138	7728
139	6672
140	6300
141	9306
142	7242
143	8723
144	6624
145	7105
146	7884
147	6468
148	5920
149	7450
150	7050
151	7399
152	8664
153	4437
154	6468
155	7130
156	10140
157	7850
158	5530
159	7314
160	6720
161	7084
162	5994
163	7498
164	7872
165	6600
166	5644
167	5177
168	10248
169	8112
170	8670
171	6840
172	8944
173	7439
174	8526
175	8050
176	7216
177	6903
178	7120
179	5728
180	8820
181	6878
182	8918
183	8967
184	6440
185	6290
186	7626
187	8602
188	8272
189	7749
190	8740
191	6876
192	7104
193	7720
194	6014
195	5850
196	7056
197	6107
198	7920
199	7562
200	8400
201	8241
202	6868
203	5481
204	9588
205	11275
206	7622
207	6003
208	8944
209	6688
210	5040
211	4009
212	8268
213	5325
214	7704
215	8815
216	6696
217	8680
218	7412
219	5694
220	8580
221	8398
222	5994
223	6690
224	8512
225	5400
226	7910
227	6810
228	6156
229	5267
230	6670
231	6930
232	6496
233	10252
234	6318
235	5405
236	6844
237	8769
238	7616
239	5975
240	6720
241	5543
242	7986
243	7533
244	8052
245	6125
246	6150
247	8151
248	7936
249	5229
250	5250
251	7028
252	5796
253	6072
254	6350
255	6375
256	6144
257	9252
258	4644
259	7252
260	8060
261	6003
262	5764
263	7627
264	8448
265	8480
266	6118
267	11214
268	6968
269	8070
270	6480
271	7317
272	6256
273	7644
274	7124
275	9075
276	8280
277	6648
278	8618
279	7254
280	6160
281	5339
282	7332
283	7924
284	9656
285	7125
286	5148
287	8036
288	5760
289	6358
290	4060
291	6984
292	5840
293	8497
294	5292
295	8555
296	9472
297	6534
298	7152
299	5382
300	7200
301	4515
302	7550
303	7575
304	6688
305	5185
306	7038
307	10438
308	6160
309	8652
310	7750
311	7153
312	8424
313	6886
314	7222
315	6615
316	5372
317	7925
318	6678
319	5742
320	6400
321	6741
322	2898
323	5168
324	7128
325	6175
326	8476
327	6540
328	6888
329	7896
330	5940
331	5958
332	4316
333	5994
334	4676
335	7705
336	5040
337	6403
338	5408
339	5763
340	4080
341	7161
342	8208
343	3773
344	6192
345	4140
346	4498
347	6246
348	7308
349	6980
350	6650
351	7722
352	6336
353	5648
354	4602
355	6745
356	4628
357	6069
358	5370
359	5385
360	6840
361	6137
362	7240
363	6534
364	6188
365	5110
366	4758
367	5138
368	5888
369	5535
370	2590
371	5936
372	4092
373	5595
374	6358
375	7875
376	6016
377	7540
378	6048
379	10612
380	5320
381	5715
382	6494
383	3064
384	7680
385	8085
386	6562
387	5805
388	5432
389	5446
390	3510
391	5083
392	5096
393	6288
394	6698
395	6320
396	6336
397	4764
398	4776
399	4389
400	3600
401	4812
402	5628
403	4433
404	7676
405	7290
406	5278
407	4884
408	3672
409	4908
410	3280
411	4932
412	5768
413	7434
414	4554
415	3320
416	4576
417	5421
418	5434
419	5447
420	4620
421	5894
422	4220
423	5499
424	4664
425	6375
426	5112
427	4697
428	4708
429	6435
430	5160
431	5172
432	3888
433	4330
434	5208
435	3045
436	3924
437	5244
438	5694
439	3073
440	3080
441	4851
442	7956
443	4873
444	4440
445	8010
446	3122
447	8046
448	4480
449	4939
450	4050
451	2706
452	3164
453	4077
454	2270
455	2275
456	2736
457	2285
458	6870
459	6426
460	3680
461	2305
462	4620
463	2778
464	1392
465	2325
466	2796
467	3736
468	4680
469	4221
470	2820
471	6594
472	5664
473	4257
474	2844
475	2375
476	5236
477	3816
478	4780
479	5269
480	5280
481	6253
482	4820
483	7245
484	4356
485	1940
486	4374
487	4383
488	2928
489	5379
490	1960
491	10311
492	3444
493	7395
494	5928
495	3960
496	4464
497	3479
498	1992
499	4491
500	4000
501	3507
502	4518
503	6539
504	7056
505	4545
506	5060
507	2535
508	4064
509	3054
510	3060
511	5110
512	2048
513	4104
514	3084
515	4635
516	2580
517	2585
518	2590
519	3633
520	4160
521	5210
522	4176
523	3138
524	0
525	3150
526	4734
527	3689
528	4224
529	3703
530	4240
531	4248
532	4788
533	2132
534	2670
535	3745
536	1608
537	3222
538	4842
539	2156
540	4320
541	4328
542	2710
543	1629
544	2720
545	2180
546	7644
547	3282
548	2740
549	2196
550	3300
551	2755
552	1104
553	3871
554	2216
555	6660
556	5004
557	2228
558	5022
559	3913
560	2800
561	3927
562	2248
563	2252
564	4512
565	2260
566	4528
567	3402
568	3408
569	3983
570	6270
571	5139
572	3432
573	2292
574	2296
575	3450
576	2304
577	4616
578	2890
579	2895
580	2900
581	2905
582	2328
583	4081
584	1168
585	585
586	3516
587	1761
588	588
589	3534
590	1180
591	2955
592	2368
593	593
594	2970
595	3570
596	1192
597	2985
598	4784
599	4792
600	3600
601	3005
602	4214
603	1206
604	3020
605	5445
606	2424
607	4249
608	2432
609	3045
610	3050
611	1222
612	2448
613	2452
614	614
615	1845
616	1848
617	1234
618	1854
619	3714
620	2480
621	0
622	3110
623	3115
624	624
625	2500
626	1878
627	1881
628	628
629	3774
630	2520
631	631
632	4424
633	1266
634	1902
635	635
636	3180
637	1911
638	1914
639	639
640	5760
641	3205
642	2568
643	2572
644	3220
645	3225
646	1938
647	2588
648	3888
649	2596
650	650
651	651
652	2608
653	1306
654	1308
655	655
656	3936
657	657
658	3290
659	3295
660	1320
661	1983
662	1986
663	3978
664	2656
665	1330
666	2664
667	2001
668	2672
669	1338
670	2010
671	3355
672	672
673	673
674	2022
675	1350
676	3380
677	4062
678	678
679	2716
680	1360
681	1362
682	682
683	3415
684	2052
685	685
686	3430
687	2061
688	2064
689	1378
690	2760
691	2764
692	692
693	1386
694	694
695	2085
696	2784
697	1394
698	2792
699	699
700	2100
701	2103
702	3510
703	2812
704	2112
705	2115
706	2824
707	2121
708	1416
709	709
710	710
711	1422
712	712
713	2139
714	714
715	4290
716	4296
717	5019
718	718
719	2876
720	3600
721	721
722	2166
723	2169
724	2172
725	725
726	0
727	1454
728	728
729	2187
730	730
731	2193
732	2196
733	2199
734	0
735	3675
736	3680
737	2948
738	738
739	1478
740	2220
741	3705
742	1484
743	1486
744	744
745	2235
746	1492
747	0
748	3740
749	749
750	750
751	0
752	2256
753	3012
754	754
755	755
756	756
757	1514
758	2274
759	2277
760	0
761	1522
762	2286
763	1526
764	1528
765	765
766	766
767	2301
768	768
769	0
770	0
771	3855
772	3088
773	2319
774	3096
775	2325
776	776
777	0
778	1556
779	3895
780	3120
781	781
782	1564
783	3132
784	784
785	785
786	3144
787	2361
788	2364
789	1578
790	1580
791	2373
792	1584
793	1586
794	2382
795	795
796	1592
797	797
798	798
799	1598
800	1600
801	801
802	0
803	803
804	2412
805	1610
806	806
807	807
808	808
809	1618
810	0
811	2433
812	0
813	0
814	2442
815	0
816	816
817	2451
818	1636
819	1638
820	2460
821	821
822	2466
823	1646
824	0
825	1650
826	0
827	0
828	1656
829	829
830	0
831	831
832	0
833	0
834	0
835	1670
836	0
837	0
838	0
839	839
840	1680
841	2523
842	842
843	843
844	844
845	2535
846	846
847	847
848	848
849	849
850	850
851	851
852	1704
853	0
854	1708
855	855
856	856
857	1714
858	858
859	1718
860	1720
861	2583
862	0
863	863
864	0
865	1730
866	1732
867	0
868	0
869	0
870	0
871	1742
872	0
873	1746
874	0
875	875
876	1752
877	0
878	1756
879	879
880	0
881	0
882	1764
883	1766
884	884
885	0
886	886
887	0
888	1776
889	889
890	2670
891	891
892	1784
893	0
894	0
895	895
896	0
897	897
898	898
899	899
900	2700
901	901
902	0
903	0
904	0
905	1810
906	1812
907	907
908	908
909	0
910	910
911	1822
912	912
913	1826
914	914
915	915
916	0
917	917
918	0
919	919
920	920
921	0
922	922
923	923
924	924
925	0
926	1852
927	0
928	0
929	929
930	0
931	931
932	2796
933	0
934	934
935	1870
936	0
937	0
938	938
939	0
940	940
941	941
942	0
943	0
944	0
945	0
946	0
947	1894
948	1896
949	2847
950	0
951	951
952	0
953	1906
954	0
955	0
956	2868
957	0
958	958
959	2877
960	960
961	0
962	0
963	963
964	1928
965	0
966	966
967	0
968	968
969	2907
970	1940
971	0
972	972
973	0
974	0
975	0
976	976
977	977
978	1956
979	0
980	2940
981	0
982	0
983	983
984	0
985	0
986	0
987	0
988	988
989	0
990	0
991	0
992	0
993	993
994	994
995	0
996	0
997	997
998	998
999	0
1000	0
1001	0
1002	0
1003	0
1004	1004
1005	0
1006	2012
1007	0
1008	1008
1009	2018
1010	0
1011	0
1012	0
1013	0
1014	0
1015	0
1016	0
1017	0
1018	1018
1019	0
1020	1020
1021	1021
1022	1022
1023	0
1024	0
1025	0
1026	0
1027	1027
1028	0
1029	1029
1030	2060
1031	1031
1032	0
1033	1033
1034	0
1035	0
1036	0
1037	0
1038	0
1039	0
1040	1040
1041	1041
1042	0
1043	0
1044	0
1045	1045
1046	0
1047	1047
1048	0
1049	0
1050	0
1051	0
1052	0
1053	2106
1054	0
1055	0
1056	0
1057	2114
1058	0
1059	0
1060	0
1061	1061
1062	0
1063	0
1064	0
1065	0
1066	1066
1067	0
1068	0
1069	0
1070	1070
1071	0
1072	1072
1073	1073
1074	0
1075	0
1076	0
1077	0
1078	2156
1079	0
1080	1080
1081	1081
1082	1082
1083	0
1084	0
1085	2170
1086	1086
1087	2174
1088	0
1089	0
1090	0
1091	1091
1092	1092
1093	2186
1094	0
1095	1095
1096	1096
1097	1097
1098	1098
1099	0
1100	0
1101	0
1102	0
1103	0
1104	0
1105	1105
1106	1106
1107	0
1108	0
1109	2218
1110	0
1111	1111
1112	0
1113	1113
1114	0
1115	1115
1116	0
1117	0
1118	0
1119	2238
1120	0
1121	0
1122	1122
1123	0
1124	0
1125	0
1126	0
1127	3381
1128	0
1129	0
1130	0
1131	0
1132	0
1133	0
1134	0
1135	0
1136	0
1137	0
1138	0
1139	1139
1140	1140
1141	0
1142	1142
1143	0
1144	0
1145	1145
1146	0
1147	0
1148	0
1149	0
1150	0
1151	0
1152	0
1153	0
1154	0
1155	0
1156	0
1157	0
1158	0
1159	0
1160	0
1161	1161
1162	0
1163	0
1164	1164
1165	0
1166	0
1167	0
1168	0
1169	0
1170	0
1171	0
1172	0
1173	0
1174	0
1175	0
1176	1176
1177	0
1178	0
1179	0
1180	0
1181	0
1182	0
1183	1183
1184	0
1185	0
1186	0
1187	1187
1188	0
1189	0
1190	0
1191	0
1192	1192
1193	0
1194	0
1195	0
1196	0
1197	0
1198	0
1199	0
1200	0
1201	0
1202	1202
1203	0
1204	0
1205	0
1206	0
1207	1207
1208	0
1209	0
1210	0
1211	0
1212	0
1213	0
1214	0
1215	1215
1216	0
1217	0
1218	1218
1219	0
1220	0
1221	1221
1222	0
1223	0
1224	0
1225	0
1226	0
1227	0
1228	0
1229	1229
1230	0
1231	0
1232	1232
1233	0
1234	0
1235	0
1236	0
1237	0
1238	0
1239	0
1240	0
1241	0
1242	0
1243	0
1244	1244
1245	0
1246	0
1247	0
1248	0
1249	0
1250	0
1251	0
1252	0
1253	0
1254	1254
1255	0
1256	0
1257	0
1258	0
1259	0
1260	0
1261	0
1262	0
1263	0
1264	2528
1265	0
1266	0
1267	0
1268	0
1269	0
1270	1270
1271	0
1272	1272
1273	0
1274	0
1275	0
1276	0
1277	1277
1278	0
1279	0
1280	0
1281	0
1282	1282
1283	0
1284	0
1285	0
1286	0
1287	1287
1288	1288
1289	0
1290	0
1291	0
1292	1292
1293	1293
1294	0
1295	0
1296	0
1297	0
1298	0
1299	0
1300	0
1301	0
1302	0
1303	0
1304	0
1305	1305
1306	0
1307	0
1308	0
1309	0
1310	0
1311	2622
1312	0
1313	0
1314	0
1315	0
1316	0
1317	0
1318	0
1319	0
1320	0
1321	0
1322	0
1323	0
1324	0
1325	0
1326	0
1327	0
1328	0
1329	0
1330	0
1331	0
1332	0
1333	0
1334	0
1335	0
1336	0
1337	0
1338	0
1339	0
1340	0
1341	1341
1342	0
1343	0
1344	0
1345	0
1346	0
1347	0
1348	0
1349	1349
1350	0
1351	1351
1352	0
1353	0
1354	0
1355	0
1356	0
1357	0
1358	0
1359	0
1360	0
1361	0
1362	0
1363	0
1364	0
1365	0
1366	0
1367	0
1368	0
1369	1369
1370	0
1371	1371
1372	0
1373	0
1374	0
1375	0
1376	0
1377	0
1378	0
1379	0
1380	1380
1381	0
1382	0
1383	0
1384	0
1385	1385
1386	2772
1387	1387
1388	0
1389	0
1390	0
1391	0
1392	0
1393	0
1394	0
1395	0
1396	0
1397	0
1398	0
1399	0
1400	0
1401	0
1402	0
1403	0
1404	0
1405	0
1406	0
1407	0
1408	0
1409	0
1410	0
1411	0
1412	0
1413	1413
1414	0
1415	0
1416	0
1417	0
1418	0
1419	0
1420	0
1421	0
1422	0
1423	0
1424	0
1425	0
1426	0
1427	0
1428	0
1429	1429
1430	0
1431	0
1432	0
1433	0
1434	0
1435	0
1436	0
1437	0
1438	0
1439	0
1440	0
1441	0
1442	0
1443	0
1444	0
1445	0
1446	0
1447	0
1448	0
1449	0
1450	0
1451	0
1452	0
1453	0
1454	0
1455	0
1456	0
1457	0
1458	0
1459	0
1460	0
1461	0
1462	1462
1463	0
1464	0
1465	0
1466	0
1467	0
1468	0
1469	0
1470	0
1471	0
1472	1472
1473	1473
1474	0
1475	0
1476	0
1477	0
1478	0
1479	0
1480	0
1481	0
1482	0
1483	0
1484	0
1485	0
1486	0
1487	1487
1488	0
1489	0
1490	0
1491	0
1492	0
1493	0
1494	0
1495	0
1496	0
1497	0
1498	0
1499	0
1500	0
1501	0
1502	0
1503	1503
1504	0
1505	0
1506	0
1507	0
1508	0
1509	0
1510	0
1511	0
1512	0
1513	0
1514	0
1515	0
1516	0
1517	0
1518	0
1519	0
1520	0
1521	0
1522	0
1523	0
1524	0
1525	0
1526	0
1527	0
1528	0
1529	0
1530	0
1531	0
1532	0
1533	0
1534	0
1535	0
1536	0
1537	0
1538	0
1539	0
1540	0
1541	0
1542	0
1543	0
1544	0
1545	0
1546	0
1547	0
1548	0
1549	0
1550	0
1551	0
1552	0
1553	0
1554	0
1555	0
1556	0
1557	0
1558	0
1559	0
1560	0
1561	0
1562	0
1563	0
1564	0
1565	0
1566	0
1567	0
1568	0
1569	0
1570	0
1571	0
1572	0
1573	0
1574	0
1575	0
1576	0
1577	0
1578	0
1579	0
1580	0
1581	0
1582	0
1583	0
1584	0
1585	0
1586	0
1587	0
1588	0
1589	0
1590	0
1591	0
1592	0
1593	0
1594	0
1595	0
1596	0
1597	0
1598	0
1599	0
1600	0
1601	0
1602	0
1603	0
1604	0
1605	0
1606	0
1607	0
1608	0
1609	1609
1610	0
1611	0
1612	0
1613	0
1614	0
1615	0
1616	0
1617	0
1618	0
1619	0
1620	0
1621	0
1622	0
1623	0
1624	0
1625	0
1626	0
1627	1627
1628	0
1629	0
1630	0
1631	0
1632	0
1633	0
1634	0
1635	0
1636	0
1637	0
1638	0
1639	0
1640	0
1641	0
1642	0
1643	0
1644	0
1645	0
1646	0
1647	0
1648	0
1649	0
1650	0
1651	0
1652	0
1653	0
1654	0
1655	0
1656	0
1657	0
1658	0
1659	1659
1660	0
1661	0
1662	1662
1663	0
1664	0
1665	0
1666	0
1667	0
1668	0
1669	0
1670	0
1671	0
1672	0
1673	0
1674	0
1675	0
1676	0
1677	0
1678	0
1679	0
1680	0
1681	0
1682	0
1683	0
1684	0
1685	0
1686	0
1687	0
1688	0
1689	0
1690	0
1691	0
1692	0
1693	0
1694	0
1695	0
1696	0
1697	0
1698	0
1699	0
1700	0
1701	0
1702	0
1703	0
1704	0
1705	0
1706	0
1707	0
1708	0
1709	0
1710	0
1711	0
1712	0
1713	0
1714	0
1715	0
1716	0
1717	0
1718	0
1719	0
1720	0
1721	0
1722	0
1723	0
1724	0
1725	0
1726	0
1727	0
