Time passed: 32768	At 200.000000K
0	0
1	172
2	370
3	516
4	716
5	955
6	1050
7	1071
8	1440
9	1593
10	1810
11	1804
12	2100
13	2132
14	2310
15	2400
16	2704
17	2652
18	2952
19	3135
20	3380
21	3465
22	4070
23	3657
24	3312
25	3450
26	3796
27	4374
28	5012
29	4553
30	4950
31	5053
32	5536
33	4818
34	5610
35	5670
36	5040
37	6105
38	5624
39	5772
40	4720
41	5494
42	6090
43	5676
44	5368
45	5985
46	7084
47	6251
48	6096
49	6321
50	6600
51	5814
52	7332
53	6943
54	7236
55	6820
56	7504
57	8094
58	7598
59	7257
60	7440
61	8052
62	7192
63	7938
64	7296
65	8515
66	8250
67	7504
68	7888
69	7452
70	7420
71	8236
72	7128
73	8760
74	8732
75	8700
76	9500
77	7084
78	7722
79	8611
80	7840
81	8505
82	7380
83	6640
84	9324
85	9775
86	8600
87	8787
88	8624
89	9612
90	8280
91	8736
92	9016
93	8649
94	7708
95	8360
96	6816
97	9021
98	7840
99	10395
100	7200
101	7676
102	9792
103	10403
104	7384
105	9555
106	8798
107	7169
108	8532
109	8720
110	7370
111	9213
112	7504
113	8701
114	9804
115	8740
116	8468
117	8775
118	7788
119	7378
120	8040
121	11253
122	8052
123	7626
124	9300
125	9250
126	10206
127	7874
128	7808
129	8901
130	7670
131	7598
132	6864
133	7847
134	6968
135	8640
136	8296
137	7261
138	8556
139	8479
140	7560
141	8319
142	6390
143	9009
144	8496
145	6815
146	9052
147	6909
148	9176
149	8195
150	7200
151	5285
152	7144
153	7650
154	4928
155	7285
156	7020
157	8321
158	8058
159	5406
160	8000
161	7406
162	4698
163	8802
164	5904
165	7425
166	6972
167	5010
168	9408
169	8112
170	7820
171	8208
172	7912
173	7266
174	5568
175	6825
176	6512
177	7257
178	6408
179	6981
180	5400
181	6697
182	6370
183	6039
184	5704
185	5735
186	5394
187	5236
188	4512
189	7749
190	5320
191	4011
192	4800
193	5018
194	5820
195	4290
196	4116
197	4334
198	4554
199	4378
200	3600
201	5427
202	3636
203	4872
204	4284
205	4100
206	4944
207	4761
208	3328
209	3135
210	4620
211	4431
212	3604
213	4473
214	2996
215	3225
216	3024
217	6944
218	2616
219	3285
220	3300
221	3536
222	4884
223	3568
224	2912
225	4050
226	2712
227	3178
228	3876
229	4580
230	1840
231	2772
232	4640
233	2097
234	3276
235	2820
236	3540
237	1896
238	3332
239	4063
240	4560
241	3615
242	2904
243	3402
244	2684
245	1715
246	1722
247	2223
248	3224
249	1743
250	3250
251	753
252	3528
253	2277
254	3556
255	1785
256	2560
257	3855
258	1032
259	3885
260	3380
261	2349
262	2620
263	2630
264	1584
265	2120
266	2128
267	1869
268	1876
269	3228
270	2430
271	1355
272	1904
273	1092
274	1370
275	1650
276	1656
277	1662
278	2502
279	2790
280	1680
281	1124
282	846
283	1981
284	852
285	855
286	2002
287	2583
288	864
289	2023
290	870
291	1164
292	1752
293	1758
294	1176
295	1475
296	888
297	1188
298	1192
299	598
300	2100
301	1204
302	1208
303	909
304	608
305	305
306	1224
307	614
308	1848
309	618
310	1240
311	933
312	1872
313	939
314	628
315	0
316	632
317	0
318	0
319	638
320	640
321	642
322	1932
323	1292
324	324
325	650
326	652
327	981
328	984
329	658
330	0
331	993
332	332
333	333
334	1002
335	335
336	0
337	337
338	676
339	1017
340	0
341	682
342	1026
343	686
344	0
345	1380
346	0
347	694
348	348
349	349
350	0
351	0
352	704
353	353
354	0
355	355
356	356
357	714
358	358
359	718
360	1080
361	361
362	1086
363	0
364	1092
365	730
366	732
367	0
368	0
369	369
370	0
371	371
372	0
373	0
374	1122
375	375
376	0
377	377
378	378
379	0
380	0
381	0
382	0
383	383
384	0
385	385
386	0
387	387
388	0
389	0
390	0
391	391
392	0
393	0
394	1576
395	395
396	396
397	397
398	796
399	0
400	400
401	401
402	0
403	403
404	0
405	0
406	0
407	407
408	408
409	0
410	0
411	411
412	0
413	413
414	0
415	0
416	0
417	0
418	418
419	0
420	0
421	0
422	0
423	0
424	0
425	0
426	0
427	0
428	0
429	0
430	0
431	0
432	0
433	0
434	0
435	0
436	436
437	0
438	0
439	0
440	0
441	0
442	0
443	0
444	0
445	0
446	0
447	0
448	0
449	0
450	0
451	0
452	0
453	453
454	0
455	0
456	0
457	0
458	458
459	0
460	0
461	0
462	0
463	0
464	0
465	0
466	0
467	0
468	0
469	0
470	0
471	0
472	0
473	0
474	0
475	475
476	0
477	0
478	0
479	0
480	0
481	0
482	0
483	483
484	0
485	0
486	0
487	0
488	0
489	0
490	0
491	0
492	0
493	0
494	0
495	0
496	0
497	0
498	0
499	0
500	0
501	0
502	0
503	0
504	0
505	0
506	0
507	0
508	0
509	0
510	0
511	0
512	0
513	0
514	0
