Time passed: 65536	At 200.000000K
0	0
1	146
2	286
3	390
4	652
5	635
6	1002
7	1064
8	1128
9	1224
10	1370
11	1243
12	1596
13	1768
14	1890
15	2175
16	2208
17	2057
18	2700
19	2470
20	3280
21	2583
22	2706
23	3289
24	2640
25	3275
26	3302
27	3672
28	3752
29	3364
30	3390
31	3410
32	4448
33	4455
34	4420
35	4375
36	4824
37	3774
38	4674
39	4758
40	4400
41	4633
42	5502
43	4859
44	4576
45	4545
46	4508
47	4653
48	5616
49	5684
50	5700
51	6630
52	5512
53	6042
54	5238
55	6380
56	5600
57	7182
58	6206
59	6608
60	5520
61	5917
62	7192
63	7434
64	7296
65	6175
66	6798
67	7437
68	6732
69	6624
70	6580
71	5680
72	6768
73	7738
74	6734
75	7425
76	6992
77	6468
78	7020
79	6794
80	7440
81	7938
82	7380
83	7636
84	8064
85	7310
86	7826
87	7743
88	7920
89	8366
90	8280
91	7735
92	8372
93	8184
94	7614
95	7220
96	9216
97	7760
98	6958
99	7722
100	7900
101	9898
102	9996
103	7931
104	8528
105	7875
106	8268
107	7811
108	8748
109	9374
110	7920
111	7881
112	8400
113	8249
114	8208
115	9660
116	8004
117	7254
118	7670
119	8211
120	7320
121	7260
122	8296
123	7872
124	8308
125	8250
126	7308
127	9652
128	8320
129	7869
130	8060
131	9301
132	8316
133	9310
134	9648
135	8640
136	8024
137	8631
138	6624
139	9452
140	6720
141	7614
142	8520
143	7579
144	7200
145	7830
146	6862
147	8526
148	9620
149	7599
150	8550
151	8758
152	10032
153	9486
154	8624
155	10230
156	9984
157	12089
158	8374
159	6519
160	7680
161	6762
162	7452
163	7987
164	6560
165	7920
166	7636
167	8016
168	7896
169	9971
170	7990
171	6840
172	7912
173	8304
174	7308
175	7875
176	8448
177	8319
178	6942
179	6086
180	9540
181	7602
182	8190
183	6771
184	6072
185	7215
186	6882
187	6171
188	9024
189	8694
190	8360
191	8786
192	8064
193	8685
194	8342
195	7215
196	6664
197	6895
198	5346
199	6368
200	7000
201	8643
202	5252
203	7917
204	7956
205	6150
206	5562
207	8901
208	5616
209	5852
210	6510
211	8018
212	8056
213	5964
214	6206
215	4945
216	6696
217	7378
218	5886
219	5037
220	6380
221	6409
222	5550
223	6244
224	5824
225	7200
226	5198
227	6583
228	6384
229	7099
230	6900
231	6237
232	5568
233	7223
234	4914
235	3995
236	5664
237	7347
238	6188
239	4063
240	5760
241	5784
242	9196
243	4860
244	4392
245	4900
246	4674
247	5928
248	5952
249	4731
250	5750
251	6777
252	4788
253	3795
254	4064
255	5100
256	4864
257	5397
258	4386
259	4403
260	4160
261	6786
262	5764
263	4208
264	4752
265	6095
266	4256
267	2403
268	2412
269	4573
270	6750
271	3252
272	4352
273	4914
274	6576
275	4675
276	3036
277	4709
278	3058
279	3627
280	4200
281	3653
282	4794
283	3113
284	3124
285	3420
286	4862
287	3731
288	4320
289	2890
290	4060
291	2328
292	4380
293	3516
294	2058
295	3835
296	3256
297	5346
298	3576
299	4784
300	2400
301	4816
302	2416
303	3333
304	3952
305	2440
306	2754
307	3377
308	1540
309	3708
310	3100
311	4976
312	3120
313	3130
314	5024
315	4410
316	2528
317	1902
318	4134
319	4785
320	3520
321	3210
322	3542
323	1938
324	2592
325	3575
326	3260
327	2943
328	2624
329	1316
330	3960
331	1986
332	3320
333	1998
334	3340
335	2680
336	1008
337	3370
338	3380
339	2373
340	2380
341	2046
342	1710
343	2401
344	2408
345	1035
346	2076
347	2776
348	2784
349	2094
350	1400
351	2808
352	4928
353	1412
354	3894
355	3550
356	1068
357	2142
358	1074
359	2154
360	3240
361	2888
362	3982
363	2904
364	1092
365	2555
366	1464
367	1468
368	1840
369	1476
370	2220
371	1113
372	1116
373	0
374	1122
375	1875
376	1128
377	1508
378	2268
379	758
380	1900
381	1524
382	1910
383	2681
384	1152
385	1540
386	2316
387	387
388	1164
389	778
390	390
391	2737
392	1568
393	393
394	394
395	2370
396	1584
397	794
398	398
399	0
400	1200
401	2406
402	804
403	806
404	2020
405	405
406	406
407	1628
408	0
409	1636
410	2050
411	1233
412	824
413	826
414	414
415	415
416	1248
417	1251
418	1672
419	419
420	1260
421	842
422	422
423	846
424	424
425	1275
426	1278
427	1708
428	856
429	429
430	860
431	862
432	0
433	433
434	0
435	1305
436	1308
437	0
438	1314
439	0
440	880
441	0
442	0
443	443
444	1332
445	1335
446	446
447	447
448	896
449	449
450	900
451	0
452	904
453	0
454	1816
455	0
456	912
457	0
458	916
459	1377
460	920
461	461
462	924
463	0
464	464
465	465
466	1398
467	0
468	0
469	469
470	0
471	942
472	472
473	0
474	0
475	475
476	476
477	954
478	478
479	0
480	0
481	0
482	964
483	966
484	484
485	0
486	486
487	1948
488	0
489	1467
490	980
491	982
492	984
493	0
494	494
495	495
496	0
497	497
498	0
499	0
500	0
501	0
502	0
503	0
504	504
505	0
506	0
507	507
508	1016
509	509
510	510
511	511
512	0
513	513
514	0
515	515
516	0
517	0
518	0
519	0
520	1040
521	0
522	0
523	0
524	0
525	0
526	0
527	527
528	528
529	1587
530	0
531	0
532	0
533	0
534	0
535	0
536	536
537	537
538	0
539	0
540	540
541	0
542	542
543	0
544	0
545	0
546	0
547	0
548	0
549	0
550	0
551	0
552	0
553	0
554	0
555	0
556	0
557	0
558	0
559	559
560	0
561	0
562	0
563	0
564	0
565	0
566	0
567	567
568	0
569	0
570	0
571	0
572	0
573	573
574	0
575	0
576	0
577	0
578	578
579	0
580	0
581	0
582	0
583	0
584	0
585	0
586	586
587	0
588	0
589	0
590	0
591	0
592	592
593	593
594	0
595	0
596	0
597	597
598	0
599	0
600	0
601	0
602	0
603	0
604	604
605	0
606	0
607	0
608	0
609	0
610	0
611	0
612	0
613	0
614	0
615	0
616	0
617	0
618	0
619	0
620	0
621	0
622	0
623	0
624	0
625	0
626	0
627	0
628	0
629	0
630	0
631	0
632	0
633	0
634	0
635	0
636	0
637	0
638	0
639	0
640	0
641	0
642	0
643	0
644	0
645	0
646	0
647	0
648	0
649	0
650	0
651	0
652	0
653	0
654	0
655	0
656	0
657	0
658	0
659	0
660	0
661	0
662	0
663	0
664	0
665	0
666	0
667	0
668	0
669	0
670	0
671	0
672	0
673	0
674	0
675	0
676	0
677	0
678	0
679	0
680	0
681	0
682	0
683	0
684	0
685	0
686	0
687	0
688	0
689	0
690	0
691	0
692	0
693	0
694	0
695	0
696	0
697	0
698	0
699	0
700	0
701	0
702	0
703	0
704	0
705	0
706	0
707	0
708	0
709	0
710	0
711	0
712	0
713	0
714	0
715	0
716	0
717	0
718	718
719	0
720	0
721	0
722	0
723	0
724	0
725	0
726	0
727	0
728	0
729	0
730	0
