Time passed: 131072	At 200.000000K
0	0
1	107
2	214
3	408
4	560
5	660
6	720
7	889
8	944
9	1188
10	1350
11	1111
12	1176
13	1651
14	1624
15	1725
16	1680
17	1938
18	2142
19	1805
20	2280
21	2583
22	2838
23	2622
24	2664
25	2875
26	3094
27	3024
28	2856
29	2958
30	3600
31	2883
32	3104
33	4059
34	3400
35	3710
36	3708
37	4107
38	3838
39	4329
40	4400
41	4182
42	4452
43	5031
44	4048
45	4590
46	4370
47	4277
48	4080
49	4116
50	4300
51	5661
52	4524
53	3975
54	4698
55	5225
56	5432
57	5415
58	5220
59	6018
60	5280
61	5246
62	4836
63	5670
64	5376
65	6110
66	5742
67	6566
68	6664
69	6348
70	5810
71	5396
72	6264
73	7227
74	6068
75	5100
76	7372
77	6930
78	6240
79	6083
80	6640
81	7452
82	8118
83	7221
84	7308
85	5865
86	8256
87	5568
88	7304
89	6764
90	6750
91	7553
92	6256
93	6975
94	5828
95	7315
96	5664
97	6499
98	7742
99	5841
100	7200
101	6767
102	6120
103	7725
104	8216
105	8715
106	7420
107	5671
108	8424
109	5777
110	8140
111	6882
112	8176
113	7797
114	6384
115	6440
116	9048
117	7020
118	7670
119	7616
120	8880
121	7986
122	6588
123	7257
124	6696
125	6875
126	7938
127	9271
128	6528
129	7611
130	7800
131	7467
132	7128
133	7847
134	7370
135	7155
136	7208
137	7809
138	8280
139	9313
140	7560
141	8037
142	8236
143	9009
144	7920
145	8555
146	10950
147	9114
148	8732
149	8493
150	5850
151	7248
152	6992
153	8415
154	8624
155	8370
156	7956
157	7850
158	8374
159	7791
160	9600
161	8050
162	7614
163	8150
164	7216
165	9570
166	7802
167	9018
168	8568
169	6760
170	8500
171	6327
172	6880
173	8477
174	7308
175	9275
176	8272
177	8496
178	7654
179	7697
180	8460
181	5792
182	7462
183	10065
184	6808
185	7955
186	7254
187	5610
188	7144
189	6426
190	7220
191	7258
192	7872
193	6369
194	8730
195	10530
196	8428
197	6107
198	7722
199	8955
200	8600
201	7236
202	6868
203	6293
204	8160
205	8610
206	8240
207	6624
208	9776
209	8360
210	9240
211	6752
212	7208
213	8307
214	5992
215	7740
216	5832
217	8246
218	7848
219	7446
220	5280
221	7514
222	7992
223	8028
224	8512
225	7875
226	4746
227	7945
228	8664
229	8931
230	6670
231	8085
232	7656
233	7922
234	6786
235	8460
236	7080
237	6399
238	9044
239	5019
240	6960
241	7230
242	7744
243	7533
244	6100
245	10045
246	8364
247	5928
248	5704
249	5478
250	8750
251	4518
252	7056
253	7337
254	6604
255	8925
256	7936
257	8224
258	5418
259	8806
260	5980
261	7308
262	4978
263	6049
264	6336
265	5830
266	6650
267	5073
268	4556
269	8339
270	6750
271	5962
272	5984
273	6279
274	4932
275	6600
276	5796
277	6648
278	9452
279	3348
280	7280
281	6744
282	5358
283	5943
284	5964
285	5985
286	6864
287	5453
288	6912
289	7225
290	3770
291	5820
292	4672
293	5860
294	5586
295	6490
296	5920
297	4752
298	7450
299	5083
300	5400
301	6020
302	8758
303	4545
304	6688
305	3355
306	6120
307	7368
308	4620
309	4326
310	2790
311	6220
312	5304
313	6260
314	5024
315	3780
316	6320
317	4755
318	2862
319	4785
320	4160
321	4494
322	4830
323	4845
324	4212
325	4875
326	4890
327	4578
328	7216
329	5264
330	4620
331	3972
332	5312
333	4995
334	3674
335	4355
336	4032
337	4381
338	4394
339	4068
340	4420
341	4433
342	4788
343	1715
344	5504
345	5520
346	6574
347	4858
348	6612
349	3839
350	4900
351	2808
352	7392
353	3530
354	3186
355	2485
356	4272
357	3927
358	2864
359	6103
360	3600
361	2888
362	3620
363	3630
364	3276
365	2555
366	3660
367	3670
368	5520
369	3321
370	4070
371	3339
372	2604
373	2611
374	3366
375	3750
376	4512
377	6032
378	3402
379	4548
380	1900
381	3429
382	4966
383	2681
384	3456
385	3850
386	4632
387	5031
388	3492
389	3112
390	3120
391	4692
392	3920
393	3537
394	3546
395	3160
396	4356
397	3970
398	3582
399	1596
400	1600
401	2005
402	1608
403	2821
404	2828
405	2025
406	5278
407	3256
408	4488
409	1636
410	2460
411	3288
412	2060
413	2478
414	1656
415	2905
416	1248
417	2919
418	3344
419	3771
420	2940
421	2947
422	2532
423	1692
424	2120
425	1700
426	1278
427	3416
428	1712
429	1716
430	1720
431	2586
432	3024
433	1299
434	4774
435	870
436	2616
437	1748
438	2628
439	439
440	3520
441	882
442	3978
443	1772
444	2664
445	3115
446	2230
447	1788
448	2240
449	3143
450	2700
451	902
452	2712
453	3171
454	3178
455	910
456	3192
457	1828
458	2290
459	1377
460	3680
461	4149
462	2772
463	2315
464	1392
465	2325
466	2330
467	1868
468	936
469	1876
470	1410
471	942
472	472
473	1419
474	3792
475	3325
476	1428
477	1908
478	956
479	1916
480	2400
481	1443
482	964
483	483
484	1936
485	2425
486	972
487	2922
488	1952
489	1467
490	1960
491	0
492	1476
493	3451
494	494
495	1980
496	496
497	2485
498	1494
499	2994
500	1000
501	501
502	1004
503	1006
504	1512
505	1010
506	506
507	1014
508	1524
509	509
510	1020
511	511
512	1536
513	1026
514	514
515	1030
516	516
517	1034
518	1036
519	3114
520	1040
521	2605
522	1044
523	523
524	1572
525	2100
526	526
527	3689
528	3168
529	1587
530	1060
531	531
532	532
533	1066
534	1068
535	1070
536	1072
537	1611
538	538
539	1078
540	0
541	2164
542	2710
543	543
544	2176
545	2180
546	0
547	1641
548	548
549	549
550	1100
551	551
552	1656
553	2212
554	554
555	1110
556	1668
557	1671
558	1116
559	1677
560	1120
561	0
562	1124
563	0
564	564
565	565
566	0
567	567
568	1136
569	2276
570	1710
571	0
572	0
573	573
574	1148
575	0
576	1152
577	577
578	0
579	0
580	0
581	2324
582	1746
583	1166
584	1168
585	1755
586	586
587	0
588	588
589	0
590	0
591	591
592	0
593	0
594	594
595	2380
596	0
597	0
598	0
599	599
600	600
601	601
602	602
603	0
604	604
605	0
606	1212
607	607
608	2432
609	609
610	1830
611	0
612	0
613	0
614	0
615	615
616	0
617	0
618	618
619	0
620	1860
621	0
622	0
623	0
624	0
625	0
626	626
627	1881
628	0
629	0
630	1260
631	631
632	632
633	0
634	0
635	635
636	0
637	0
638	0
639	639
640	0
641	0
642	642
643	0
644	0
645	0
646	0
647	0
648	0
649	649
650	1300
651	0
652	0
653	0
654	0
655	655
656	0
657	0
658	658
659	0
660	0
661	661
662	0
663	0
664	0
665	1330
666	0
667	667
668	0
669	0
670	670
671	0
672	672
673	0
674	0
675	675
676	0
677	0
678	0
679	679
680	0
681	681
682	0
683	683
684	0
685	0
686	0
687	0
688	688
689	0
690	1380
691	0
692	1384
693	0
694	0
695	0
696	0
697	0
698	0
699	699
700	0
701	701
702	0
703	703
704	0
705	705
706	0
707	0
708	708
709	0
710	0
711	0
712	0
713	0
714	0
715	0
716	716
717	717
718	0
719	0
720	0
721	0
722	0
723	0
724	0
725	0
726	0
727	0
728	0
729	729
730	0
731	0
732	0
733	733
734	0
735	0
736	0
737	0
738	0
739	739
740	0
741	0
742	0
743	743
744	0
745	0
746	0
747	0
748	0
749	0
750	0
751	751
752	0
753	0
754	0
755	755
756	0
757	757
758	0
759	0
760	0
761	0
762	0
763	0
764	0
765	765
766	0
767	767
768	0
769	0
770	0
771	0
772	0
773	0
774	0
775	0
776	0
777	0
778	778
779	0
780	0
781	0
782	0
783	0
784	0
785	0
786	0
787	0
788	0
789	0
790	0
791	0
792	0
793	793
794	0
795	0
796	0
797	0
798	0
799	0
800	0
801	0
802	0
803	0
804	0
805	0
806	0
807	0
808	0
809	809
810	0
811	0
812	0
813	0
814	0
815	0
816	0
817	0
818	0
819	0
820	0
821	0
822	0
823	0
824	0
825	0
826	0
827	0
828	0
829	0
830	0
831	0
832	0
833	0
834	0
835	0
836	0
837	0
838	0
839	0
840	0
841	0
842	0
843	0
844	0
845	0
846	0
847	0
848	0
849	0
850	0
851	0
852	0
853	0
854	0
855	0
856	0
857	0
858	0
