Time passed: 4096	At 200.000000K
0	0
1	420
2	802
3	1233
4	1632
5	2150
6	2448
7	2583
8	3144
9	3510
10	3760
11	3982
12	3924
13	4641
14	4452
15	5460
16	6144
17	5576
18	6030
19	6954
20	6740
21	6573
22	7084
23	7452
24	7752
25	7550
26	8086
27	9018
28	8260
29	8845
30	8130
31	8990
32	9856
33	9504
34	9316
35	9730
36	9000
37	8214
38	8246
39	8892
40	9320
41	9348
42	9072
43	9159
44	8184
45	8415
46	8740
47	9400
48	8496
49	9163
50	9450
51	8517
52	8580
53	9222
54	7506
55	8580
56	8288
57	8607
58	8932
59	7493
60	7740
61	5551
62	5828
63	7938
64	5952
65	7540
66	6996
67	6432
68	5916
69	7935
70	6510
71	7029
72	5688
73	4161
74	7030
75	6375
76	4712
77	5159
78	5070
79	4898
80	5680
81	4941
82	4756
83	4316
84	4536
85	3400
86	4300
87	4959
88	3256
89	3115
90	3060
91	3731
92	2944
93	2697
94	3102
95	3040
96	2496
97	3201
98	2352
99	2772
100	2700
101	2222
102	1734
103	1854
104	2912
105	1890
106	2544
107	1391
108	1620
109	3379
110	2200
111	1998
112	1568
113	1243
114	912
115	1495
116	1276
117	819
118	708
119	1309
120	720
121	1210
122	732
123	615
124	868
125	750
126	252
127	508
128	640
129	516
130	780
131	131
132	132
133	133
134	402
135	270
136	272
137	411
138	276
139	556
140	0
141	846
142	142
143	572
144	144
145	0
146	0
147	147
148	0
149	149
150	0
151	0
152	0
153	0
154	0
155	0
156	156
157	157
158	0
159	0
160	0
161	322
162	0
163	0
164	0
165	0
166	0
167	0
168	336
169	0
170	0
171	0
172	0
173	0
174	0
175	0
176	0
177	0
